0.0
0.0
0.047619047619
0.0833333333333
0.0
0.0
0.0
0.0
0.0
0.0
0.047619047619
0.0
0.0
0.0
0.0
0.0
0.0
0.0
0.0
0.0769230769231
0.0
0.0
0.0
0.0
0.0
0.0740740740741
0.0
0.0
0.105263157895
0.0
0.0
0.0
0.0
0.2
0.0
0.0
0.0
0.0833333333333
0.0
0.0
0.0
0.0
0.0657894736842
0.0333333333333
0.133333333333
0.1
0.0
0.0
0.0
0.0555555555556
0.0
0.0
0.0434782608696
0.0
0.0
0.0
0.0
0.0
0.0
0.0
0.0
0.0
0.0
0.111111111111
0.0
0.0
0.0
0.0
0.0
0.0333333333333
0.0
0.0
0.0
0.0555555555556
0.078
0.0
0.0
0.0
0.102631578947
0.0
0.0
0.0
0.0
0.0
0.0678571428571
0.052027027027
0.0
0.012012987013
0.0
0.0
0.0194607843137
0.0
0.0
0.0
0.0
0.0
0.0
0.0
0.0
0.0
0.0
0.0
0.0
0.111111111111
0.0
0.0153846153846
0.0
0.0434782608696
0.0
0.0
0.0
0.0
0.0
0.0
0.0
0.0
0.0178571428571
0.0
0.0
0.04325
0.0
0.0
0.0
0.05625
0.0
0.0
0.0263157894737
0.0
0.0
0.0
0.0
0.0
0.0
0.0
0.0357142857143
0.0
0.0
0.0
0.0
0.0
0.0
0.0
0.0
0.021225
0.0
0.0
0.0
0.0
0.0
0.0
0.0
0.111111111111
0.0
0.0
0.0
0.0
0.0
0.0
0.0
0.0
0.0
0.0
0.0
0.0
0.0
0.0
0.0
0.0054347826087
0.0
0.0
0.0
0.0
0.0
0.0
0.0
0.0
0.0
0.0
0.0142105263158
0.0
0.0
0.0
0.0
0.0
0.0592105263158
0.0227272727273
0.0
0.0520833333333
0.0
0.0
0.0
0.0
0.0
0.0588235294118
0.0
0.0
0.0
0.0
0.0
0.0
0.0
0.0
0.03125
0.0
0.0
0.0625
0.0688701923077
0.0
0.0
0.0418125
0.0
0.0454545454545
0.0
0.0
0.0
0.0696022727273
0.0
0.0
0.0
0.0
0.0
0.0
0.0
0.0
0.0
0.0
0.0
0.0
0.0
0.0
0.0
0.0
0.0
0.0
0.0
0.0
0.0
0.05
0.0166440217391
0.0
0.0706105769231
0.00765625
0.0
0.0
0.0
0.0
0.0
0.0906860351562
0.0
0.0
0.0
0.0
0.0
0.0
0.0
0.0
0.0
0.0
0.0
0.0
0.0
0.0
0.0
0.0
0.0
0.0
0.037037037037
0.0
0.0
0.0
0.0
0.0
0.0
0.00822115384615
0.0
0.0
0.0
0.00592105263158
0.0263157894737
0.0
0.0357142857143
0.0
0.0
0.0
0.0
0.0166666666667
0.0
0.0
0.0
0.0
0.0
0.0
0.0
0.0
0.0
0.0
0.0
0.00173611111111
0.0
0.0
0.0
0.009609375
0.015625
0.0
0.0
0.0
0.0125902580492
0.0
0.000868055555556
0.0
0.0
0.0
0.0
0.0604166666667
0.046875
0.0
0.00906372070312
0.0
0.0
0.0
0.0
0.0
0.0
0.0
0.0
0.0
0.0429958767361
0.0
0.0419533128005
0.0
0.0
0.0
0.0
0.0
0.0
0.0
0.0
0.0
0.00512503324468
0.0
0.0
0.0
0.0
0.0263157894737
0.0
0.0
0.0157189002404
0.0
0.015625
0.0
0.0
0.0
0.0
0.0
0.0
0.0
0.0
0.0
0.040609375
0.0
0.0
0.0076318359375
0.0
0.0729166666667
0.0
0.0
0.0
0.0
0.0
0.0
0.0
0.0
0.0
0.0
0.0
0.0
0.0
0.0220166015625
0.0
0.03125
0.12109375
0.0
0.0113636363636
0.0
0.0
0.0
0.0
0.0
0.0
0.0
0.0
0.0394736842105
0.0
0.0
0.0
0.0392460588728
0.0
0.0
0.0
0.0
0.0
0.0
0.0
0.0
0.0
0.0
0.000390625
0.0
0.0
0.00825622558594
0.0
0.0
0.0
0.0
0.0
0.0
0.0
0.0
0.0
0.000300480769231
0.0225911458333
0.0833069490132
0.0
0.0
0.0
0.0
0.0
0.0
0.0
0.0
0.0
0.0
0.025
0.0
0.0284818209135
0.040234375
0.0
0.0
0.0
0.0
0.0
0.0
0.0
0.0
0.0
0.0
0.0119047619048
0.0191592261905
0.0
0.00638580322266
0.00651969909668
0.0
0.0
0.0
0.0
0.0
0.0
0.0
0.0
0.0
0.0
0.0
0.0
0.0
0.0
0.0
0.0
0.0
0.0
0.0
0.0
0.0
0.0
0.0
0.0
0.0
0.0
0.0
0.0
0.0
0.0
0.0
0.0
0.00718470982143
0.0
0.0
0.0
0.0188277698864
0.0
0.00416666666667
0.0
0.0
0.000150240384615
0.0
0.0
0.0
0.00591681985294
0.0
0.0
0.00648516486673
0.0235478153935
0.0
0.0
0.0
0.0
0.0
0.0
0.0691964285714
0.00680434283088
0.05
0.00239669136379
0.0
0.0
0.0
0.0
0.0
0.0
0.0
0.0
0.0
0.0291748046875
0.0
0.0
0.0
0.0
0.0
0.040146537449
0.0
0.0
0.0
0.0294117647059
0.0
0.0
0.044859568278
0.0
0.0
0.0
0.0
0.0
0.0
0.0
0.0
0.00160658094618
0.0388119346217
0.0
0.0
0.0
0.0122740790185
0.0608358944164
0.0121252762644
0.0
0.0
0.0
0.00675
0.0
0.0
0.0
0.0
0.0
0.0
0.0
0.0
0.0
0.0
0.0
0.0322265625
0.0
0.0
0.0
0.0
0.0
0.0
0.0
0.0
0.0
0.0
0.0
0.0
0.0
0.0029347826087
0.0120192307692
0.0
0.0
0.0
0.0
0.0
0.003204254877
0.0
0.0
0.0
0.0
0.0777258872986
0.0
0.0
0.0
0.0
0.0
0.0
0.0
0.0104166666667
0.0
0.0
0.0
0.0
0.0
0.0
0.00793540057014
0.0
0.0
0.0
0.0
0.0
0.00639945136176
0.0
0.0
0.0
0.0
0.0
0.0
0.0
0.0
0.0
0.0456237792969
0.0
0.0411510426065
0.0
0.0
0.0
0.0
0.0
0.03125
0.0
0.0
0.0
0.0
0.0
0.0628269958496
0.0119047619048
0.0440664609273
0.0
0.0
0.0
0.0
0.0103552734375
0.0
0.0
0.0
0.0
0.0
0.0
0.0441176470588
0.0
0.0
0.0
0.0
0.0
0.0471401999978
0.0
0.0
0.0186206370762
0.0540542030334
0.0
0.0110992355347
0.0437538923181
0.0
0.0
0.0
0.0
0.0
0.0
0.0
0.0
0.0
0.0362522085508
0.0
0.0
0.0122767857143
0.0205247952388
0.0
0.00622421719811
0.00715589977446
0.0
0.0
0.0
0.0
0.0
0.0
0.0128836631775
0.0652565519376
0.0
0.0
0.0
0.0
0.0
0.0
0.0
0.0
0.0
0.0
0.0
0.0
0.0
0.0
0.0138157894737
0.0491493269801
0.00856676101685
0.0
0.0
0.0
0.0
0.0
0.0
0.0
0.0
0.0003125
0.0
0.0
0.0622196276983
0.0
0.0
0.0
0.0
0.0
0.00595238095238
0.0
0.0
0.0
0.0
0.0
0.0
0.0
0.0
0.0
0.0
0.0
0.0
0.0
0.0626458923022
0.0245603793546
0.0
0.0
0.0
0.0
0.0
0.0
0.0
0.0430473755388
0.0
0.0
0.0
0.0
0.0
0.0
0.0
0.0
0.0558363988996
0.0
0.070545061777
0.0
0.0
0.0139698422824
0.0
0.0
0.0
0.0
0.00198412698413
0.0
0.0
0.0791422110465
0.00882305828364
0.0
0.0
0.0
0.0
0.0
0.0141795012734
0.0
0.0
0.0
0.0137192568121
0.0
0.0
0.0
0.0
0.0
0.00974840712547
0.0
0.0514705882353
0.0
0.0
0.0
0.00299950988476
0.0
0.0
0.0
0.0
0.0259780802928
0.0
0.0114007831421
0.0
0.0
0.0
0.0
0.0
0.0
0.0
0.0
0.0
0.0153335279226
0.0
0.0
0.0
0.0
0.0
0.0
0.00160714285714
0.0
0.0
0.0
0.0005
0.00229374285305
0.0
0.0
0.0
0.0112746528843
0.0
0.0
0.0
0.0
0.0
0.0
0.0
0.0
0.0
0.0377067187413
0.0
0.0
0.0
0.0107585543119
0.0
0.0
0.0
0.0
0.0
0.0
0.0426339285714
0.0
0.0531862029696
0.0
0.0005
0.0
0.0
0.0
0.0
0.0
0.0
0.0
0.0436012339113
0.0
0.0
0.0592048686221
0.0128680164129
0.0
0.0
0.0105368706684
0.0
0.0
0.0
0.0
0.0
0.0
0.0
0.0119047619048
0.0
0.0
0.0
0.0
0.0
0.0
0.0
0.0
0.0
0.00760996214942
0.0
0.0219341967151
0.0
0.0
0.0666666666667
0.0
0.0
0.0
0.0
0.0
0.0
0.0266165073468
0.0
0.0
0.0
0.0
0.058219396291
0.0
0.0
0.00260416666667
0.0
0.00833333333333
0.0
0.0
0.0
0.0166666666667
0.0217247332411
0.0
0.0
0.0
0.0
0.00991586538462
0.139146317101
0.0879428683891
0.0
0.0
0.0
0.0
0.0
0.0
0.0
0.041015625
0.0388719256812
0.0
0.0
0.0
0.0295191898913
0.0
0.0
0.0
0.0
0.0
0.0
0.0
0.0
0.0
0.0
0.0282149588715
0.0322027526087
0.0
0.0
0.0496323529412
0.0
0.0
0.0
0.0
0.0
0.0
0.0
0.0
0.0
0.0
0.00209564838725
0.00953947368421
0.0
0.0
0.0
0.0
0.0
0.0
0.0
0.0
0.0
0.0
0.00358072916667
0.02
0.0
0.0
0.0
0.0
0.0
0.0
0.0
0.0
0.0
0.0
0.0
0.0
0.0
0.0
0.0
0.0
0.151231918946
0.0
0.0
0.0
0.09128877641
0.0
0.0
0.0
0.0
0.0330882352941
0.0
0.0
0.0
0.0240711370111
0.0
0.0
0.0
0.0
0.0
0.0
0.0
0.0
0.0912142186147
0.0
0.0
0.0
0.0
0.0
0.000888157894737
0.0
0.0
0.0
0.0
0.0003375
0.0293542282182
0.0
0.0
0.0
0.0297599879828
0.0
0.0
0.0280199451174
0.0
0.0
0.0
0.0
0.0
0.125468577008
0.0
0.013671875
0.0
0.0201700506155
0.0
0.0
0.0
0.0
0.0
0.0
0.0
0.0
0.0
0.0
0.0
0.0
0.0
0.0
0.0
0.0
0.0
0.00815217391304
0.0
0.0
0.0112055836753
0.0
0.00592729608252
0.0
0.00593236782808
0.0
0.0
0.0
0.0
0.0
0.0
0.0
0.0148026315789
0.0
0.0
0.00240119650184
0.0286458333333
0.0
0.0
0.0
0.0122767857143
0.0
0.0419520523149
0.0
0.0
0.0
0.0
0.0
0.003125
0.0
0.0
0.0
0.0
0.0
0.00180089737638
0.0
0.0
0.0
0.0
0.0
0.0
0.0
0.121613539401
0.0302760139882
0.0
0.0
0.0
0.0
0.0284375
0.0
6.103515625e-05
0.0
0.0
0.0
0.0
0.0
0.0
0.0
0.0
0.0
0.0
0.0
0.0
0.0569651518954
0.0
0.0
0.0
0.0
0.0263157894737
0.0
0.0
0.0
0.0189296470211
0.0168785635246
0.0
0.008676088218
0.0
0.0134035651519
0.0
0.0
0.0
0.0
0.0
0.0
0.0
0.0
0.0117911845559
2.87224264706e-05
0.0
0.022216796875
0.0
0.0
0.0
0.0
0.0
0.0
0.0
0.0
0.00904848187184
0.0102040816327
0.0
0.0
0.0
0.0
0.00226332736122
0.0115368143866
0.0013014132327
0.0
0.0
0.0
0.0
0.0
0.00169613486842
0.0
0.0
0.0
1.52587890625e-05
0.0
0.0
0.0
0.0
0.0
0.0
0.0
0.0
0.0
0.00296052631579
0.0
0.0
0.0
0.0
9.39002403846e-06
0.0
0.0
0.0
0.0
0.0
0.0
0.0
0.0
0.0
0.0
0.0017578125
0.0
0.0
0.0
0.0
0.0
0.0
0.0
0.000813383270438
0.0886069696209
0.0
3.39084201389e-06
0.0
0.0
0.0
0.0
0.0
0.0
0.0
0.0
0.0116588117922
0.0
0.0
0.0324367739978
0.0
0.0
0.0
0.0
1.69542100694e-06
0.0
0.0
0.0
0.0
0.0
0.0
0.0
0.0
0.0
0.0
0.0
1.17375300481e-06
0.0347990951126
0.0
0.0
0.0
0.0
0.0
0.0647321428571
0.0
0.0
0.0
0.0
0.0
0.0
0.0
0.0
0.0
0.00833333333333
0.0
0.0
0.0
0.0
0.0
0.0
0.000895182291667
0.0491462142297
0.0
0.0
0.0
0.0
4.01547080592e-07
0.0
0.0
0.0
0.0
0.0
0.0
0.0
0.0
0.0
0.0
0.0
0.0
0.0
0.0
0.0
0.0
0.000203345817609
0.0
0.0302008975646
0.0
0.0
0.0
0.0
0.0
0.0
0.0
0.0437757385804
0.0
0.0102150094704
0.000447591145833
0.0
0.00087890625
0.0
0.0
0.0
0.0138888888889
0.0
0.0
0.0
0.0
0.0
0.0
0.0
0.0
0.0
0.0
0.0
0.0
0.0
0.0
0.0
0.0
0.0
0.0
0.0234220804093
0.0
0.0
0.0
0.0
0.0
0.0
3.46790660511e-07
0.0
0.0
0.0
0.0
0.0
0.0
0.0
0.0
0.0
0.0
0.0
0.00180890792705
0.0
0.0
0.0
0.0
0.0
0.0
0.0364583333333
0.0
0.0
0.0
7.33595628005e-08
0.0
0.00572387173599
0.0
1.34320326254e-08
0.0
0.0
0.00362017954093
0.0
0.0
0.0
0.0166666666667
0.0
0.0
0.0
0.0
0.0685221354167
0.0
0.0
0.00114639018796
0.0
0.0
0.0
0.0
0.0
0.0
0.0
0.0
0.0
0.0
0.0316256009615
0.0
0.0
0.0
0.0238095238095
0.0
0.0
0.0390825663669
0.0
0.0
3.66797814002e-08
0.0
0.000870533217888
0.0361106178977
0.0
0.0
0.0
0.0
0.0
0.0
0.000561749075531
0.0
0.0
0.0
0.0
0.0
0.0
0.0
0.0
1.49011611938e-08
0.0
0.0
0.0
0.0
0.000305706521739
0.0
0.0
0.0
0.0
0.000320999471732
0.0
0.0
0.0
0.0
0.0
0.0
0.0
0.0
0.0
0.0
0.0
0.0
0.0
0.0
0.0344139504264
0.0
0.0
0.0
0.0111263147995
0.0
0.0
0.0
0.0
0.0
0.0
0.012169406812
0.0
0.0
0.000191824776786
0.0
0.0
0.0
0.0
0.000417440290858
0.000208720145429
0.000146287240577
0.0
0.0
0.0
0.00324517514986
0.0
0.0
0.0
0.0
0.0
0.0
0.0
0.0
0.0
0.0
0.0587050494026
0.0
3.39170236322e-05
0.0
0.0
0.0
0.0
0.0
2.3754222973e-05
0.0
0.0
0.0
0.0
5.18301258916e-09
0.0
0.0
0.0
0.0
0.0
0.0
0.0
0.0
0.0
0.0
0.0
2.98023223877e-09
0.0
0.0
0.0
0.0
0.0
0.0
0.0
0.0
0.0
0.0
0.0
0.0347466021416
0.0
0.0
1.78510650696e-05
0.0434708876036
0.0
0.0
0.0
0.0
0.0
0.0
0.0220675998264
0.0
0.0
0.0631910234807
0.0
0.0
0.0
0.0
0.0
0.0
0.0
0.0
0.0
0.0
0.0119614415765
0.0
0.00530510443329
0.0514693412859
0.0
0.0
0.0
0.0
0.0
0.0
0.0
0.0
6.77325508811e-10
0.0
0.0
0.0
0.0
0.0460526315789
0.0
0.0
0.0
0.02734375
0.0
0.0
0.0255686635941
0.0
0.0
0.0
0.0
0.0
0.0
0.0
0.0
0.0
0.0153758518987
0.0
0.0
0.0
0.0
0.0
0.0
0.0
0.0
0.0
0.00564030237661
0.0
0.0
0.0
0.0125
0.0
0.00416666666667
4.13921144274e-10
0.0
0.0
0.0
0.0542033992431
0.0
0.0
0.0156359916296
0.0
0.0
0.0
0.0
0.00216934706793
0.0
0.0
0.0
0.0
0.0
0.0
7.02884961974e-11
0.0
0.0
0.00611424564206
0.0
0.0
0.0
0.0113805248893
0.0
0.00305712282103
0.0
0.0
0.0
0.0
0.0
0.0747395833333
0.0
0.0
0.0
0.0
0.0
0.0
0.0
0.0
0.0
0.00404494447905
0.0
0.0
0.00725787259615
0.0
0.0
0.0
0.000868055555556
0.0313129425049
0.0
0.0
0.0
0.0
0.0
0.0
0.0
0.0
0.0
0.0
0.0
0.0
0.00104831172629
0.0
0.0
0.0
0.0
0.0
0.0807291666667
0.0
0.0
0.0
0.0
0.0
0.0
0.0192307692308
0.0
0.0
0.0
0.0
0.0698960948897
0.000925181906365
0.0
0.00136280524418
0.0
0.0
0.0
0.0260416666667
0.000801650143637
0.0
0.0
0.0
0.0
0.0
0.0
0.0
0.0
0.0
0.0
0.0
0.0
0.0
0.0
0.0
0.0
0.0
0.0
0.0
0.0
0.0
0.0
0.0
0.0115492196532
0.0
0.0
0.0
0.0
0.0
0.0
0.0
0.0
0.0
0.0
0.0
0.0
0.0
0.0
0.0131843968442
0.0
0.0
0.0
0.0
0.0
0.0
0.0
0.0
0.0
0.0
0.0901100701718
2.5170880395e-11
0.0
0.0
0.0
0.0
0.0
0.0
0.0
0.0232804275824
0.0
0.0
0.0
0.000452525439465
0.0
0.0
0.0
0.0
0.0
0.000189278506136
0.000106469159702
0.0
0.0
0.0
0.00376595152068
0.0
0.0
0.0
0.0
0.0
0.0
0.0
0.0
0.0
0.01628125
0.0
0.00736775117762
0.0
0.0
0.0
0.0
0.0
0.0
0.0
0.0
0.0
0.0616870837083
0.0468750000291
0.0
0.0
0.0
0.0470123316892
0.0
0.0
0.0
0.0
0.0
0.0
0.0
0.0
0.00376595152068
0.0
0.0
0.0470439237857
1.29350357585e-11
0.0367647058892
0.000434027777778
0.0
0.0
0.0
0.0299151881199
0.0
0.0
0.0
0.0
0.0
0.0229349775586
0.00110381337675
0.0
0.000695882346212
3.42398005373e-12
0.000381078427687
0.0
1.46484375e-05
0.0
0.0
0.0
0.000706303154752
0.0
0.0
0.0
0.0
0.0101999235491
0.0
0.0
0.0
0.0
0.0
0.0
1.03942251631e-12
0.0
0.0
0.0
0.006103515625
0.0
0.0
0.0
0.0400695800781
0.0
0.0
0.0
0.0
0.000333443624227
0.0
0.0
0.048310530745
0.00751201923077
0.0
0.0
0.0
0.0554444076808
0.0
0.0
0.0
0.0
0.0
0.0
0.0
0.0
0.0
0.0
0.0
0.0
0.0
0.0
0.0
0.0
0.0
0.0
0.0
0.0
0.0
0.0
0.0
0.0
0.083425111037
0.000164481556586
0.0301668379401
0.0
5.59689047245e-13
0.0
0.0
0.0
0.0
0.0
0.0
0.0
0.0
0.0
0.00323410364915
0.0
0.0
0.0
0.0176682846291
0.0
0.0
0.0
0.00131967905405
0.0
0.0
0.0
0.0
0.0
0.0
0.0
0.0
0.0
0.0
0.0
0.0
0.0
0.0
1.15491390701e-13
0.0
0.0
0.0
0.0
0.0
0.0
0.0
0.0
0.0
0.0
0.0
0.0
0.0
0.0332666446085
0.0292869491451
0.0
0.0
0.0
0.0
0.0
0.0
0.0
0.0
0.0
0.0
0.0617368146745
0.0
0.0
0.0
0.0
0.0
0.0
0.0
0.0
0.0
0.0
9.55332880435e-06
5.4931640625e-06
0.0
0.0
0.0
0.0717018934334
0.0
0.0
0.0
0.0220735342775
0.0
0.0354208628337
0.0
0.0
0.0
0.0
0.0
0.0
0.0
0.0
0.0
0.0
0.0
0.0
0.0
0.0
0.0146729792805
0.0
0.0
0.0
0.0
0.0
0.0
0.0
0.0
0.0
0.0
0.0
0.0
0.0
0.0
0.024529595122
0.0
0.00876197290462
0.0
2.13998753358e-13
0.0
0.0
0.0
0.0
0.0
0.00119983318265
0.0
