true reward 4
Query type: 3
iter. 0
0
1.44
0.64
0.64
1.24
1.64
1.64
0.64
1.04
1.04
1.24
0.84
0.84
0.04
0.64
0.64
1.24
0.64
0.84
0.84
1.04
1.04
1.04
1.04
1.04
1.04
1.24
0.84
1.24
1.24
1.24
1.04
1.44
1.24
1.24
1.04
1.04
1.04
0.64
1.04
0.64
0.64
0.64
1.04
1.44
1.24
1.44
1.04
1.24
0.84
1.04
0.84
1.04
1.04
1.24
1.24
1.24
1.04
1.24
1.24
1.24
1.24
1.24
1.24
1.24
1.24
1.24
1.24
1.24
1.04
1.24
1.04
1.24
1.24
1.24
1.24
1.04
1.24
1.24
1.24
1.24
1.04
1.04
1.04
1.24
1.24
1.24
1.24
1.04
1.44
1.04
1.24
1.04
1.04
1.24
1.24
1.24
1.24
1.04
1.04
1.24
1.24
1.24
1.24
1.04
1.04
1.24
1.24
1.04
1.24
1.24
1.24
1.04
1.24
1.24
1.24
1.24
1.24
1.24
1.24
1.24
1.24
1.24
1.04
1.24
1.24
1.24
1.24
1.24
1.24
1.24
1.24
1.04
1.24
1.24
1.24
1.24
1.24
1.24
1.24
1.24
1.04
1.24
1.24
1.24
1.24
1.24
1.24
1.24
1.24
1.24
1.24
1.24
1.24
1.04
1.24
1.24
1.24
1.24
1.24
1.24
1.24
1.24
1.24
1.24
1.24
1.24
1.24
1.24
1.04
1.24
1.24
1.24
1.24
1.04
1.24
1.24
1.24
1.24
1.24
1.04
1.24
1.24
1.24
1.24
1.24
1.24
1.24
1.24
1.24
1.24
1.24
1.04
1.24
1.24
1.24
1.24
1.24
1.24
1.24
1.24
1.24
1.24
1.24
1.24
1.24
1.24
1.24
1.24
1.24
1.24
1.24
1.24
1.24
1.24
1.24
1.24
1.24
1.24
1.24
1.24
1.04
1.24
1.24
1.24
1.24
1.24
1.24
1.24
1.24
1.24
1.04
1.24
1.24
1.24
1.24
1.24
1.24
1.24
1.24
1.24
1.24
1.24
1.24
1.24
1.24
1.24
1.24
1.24
1.24
1.24
1.24
1.24
1.24
1.24
1.24
1.24
1.24
1.24
1.24
1.24
1.24
1.24
1.24
1.24
1.24
1.24
1.24
1.04
1.24
1.24
1.24
1.24
1.24
1.24
1.24
1.04
1.24
1.24
1.24
1.24
1.24
1.24
1.24
1.24
1.24
1.24
1.24
1.24
1.24
1.24
1.24
1.24
1.24
1.24
1.24
1.24
1.04
1.24
1.24
1.24
1.24
1.24
1.24
1.24
1.24
1.04
1.24
1.24
1.24
1.24
1.24
1.24
1.24
1.24
1.24
1.24
1.24
1.24
1.24
1.24
1.24
1.24
1.24
1.24
1.24
1.24
1.24
1.24
1.24
1.24
1.24
1.24
1.24
1.04
1.24
1.24
1.24
1.24
1.24
1.24
1.24
1.24
1.24
1.24
1.24
1.24
1.24
1.24
1.24
1.24
1.24
1.24
1.24
1.24
1.24
1.24
1.24
1.24
1.24
1.24
1.24
1.24
1.24
1.24
1.24
1.24
1.24
1.24
1.24
1.24
1.24
1.24
1.24
1.24
1.24
1.24
1.24
1.24
1.24
1.24
1.24
1.24
1.24
1.24
1.24
1.24
1.24
1.24
1.04
1.24
1.24
1.24
1.24
1.24
1.24
1.24
1.24
1.24
1.24
1.24
1.24
1.04
1.24
1.24
1.24
1.24
1.24
1.24
1.24
1.24
1.24
1.24
1.24
1.24
1.24
1.24
1.04
1.24
1.24
1.24
1.24
1.24
1.24
1.04
1.24
1.24
1.24
1.04
1.24
1.04
1.24
1.24
1.24
1.24
1.24
1.24
1.24
1.24
1.24
1.24
1.24
1.24
1.24
1.24
1.24
1.24
1.24
1.24
1.24
1.24
1.24
1.24
1.24
1.24
1.24
1.24
1.24
1.24
1.24
1.24
1.24
1.24
1.24
1.24
1.24
1.24
1.24
1.24
1.24
1.24
1.24
1.24
1.24
1.24
1.24
1.24
1.24
1.24
1.24
1.24
1.24
1.24
1.24
1.24
1.24
1.24
1.24
1.24
1.24
1.24
1.24
1.24
1.24
1.24
1.24
1.24
1.24
1.24
1.24
1.24
bestTheta [-1.38327949  1.77768342  0.60132672  0.50059833 -0.38488003  0.45013538
  1.51999615  1.2704168   1.23689463 -1.01525259 -0.34850247 -0.72281167
  2.43978764 -0.73782325 -0.62075099 -0.43924838 -0.31251528 -0.18506517
 -0.91034611 -0.51584279 -0.35825638  2.20175948  0.31987361  1.15873053
 -1.05650816 -1.03986017  0.01942427 -0.06134995  0.69739531 -0.26507022
 -0.60965004 -0.75457401 -0.87863824 -1.1865069   0.02862886 -0.43591886]
Sample [((0, 1), 'W'), ((0.1, 0), 'E'), ((0.2, 1), 'W'), ((0.30000000000000004, 0), 'E'), ((0.4, 1), 'W'), ((0.5, 0), 'E'), ((0.6, 1), 'W'), ((0.7, 0), 'E'), ((0.7999999999999999, 1), 'W'), ((0.8999999999999999, 0), 'E'), ((0.9999999999999999, 1), 'W'), ((1.0999999999999999, 0), 'E'), ((1.2, 1), 'W'), ((1.3, 0), 'E'), ((1.4000000000000001, 1), 'W'), ((1.5000000000000002, 0), 'E'), ((1.6000000000000003, 1), 'W'), ((1.7000000000000004, 0), 'E'), ((1.8000000000000005, 1), 'W'), ((1.9000000000000006, 0), 'E')]
maxV [-4.0, 4.0, -4.0, 4.0, 0.20000000000000004]
iter. 1
0
0.44
0.84
0.64
0.24
0.24
0.64
0.04
1.24
1.04
0.44
1.44
1.04
1.64
1.64
1.04
1.04
1.64
1.64
1.44
1.44
1.64
1.64
1.24
1.64
1.64
1.64
1.64
1.44
1.64
1.44
1.24
1.64
1.64
1.64
1.64
1.44
1.64
1.64
1.64
1.64
1.64
1.64
1.64
1.64
1.64
1.64
1.64
1.64
1.64
1.64
1.64
1.64
1.64
1.64
1.64
1.64
1.64
1.64
1.64
1.64
1.64
1.64
1.64
1.64
1.64
1.64
1.64
1.64
1.64
1.64
1.64
1.64
1.64
1.64
1.64
1.64
1.64
1.64
1.64
1.64
1.64
1.64
1.64
1.64
1.64
1.64
1.64
1.64
1.64
1.64
1.64
1.64
1.64
1.64
1.64
1.64
1.64
1.64
1.64
1.64
1.04
1.64
1.64
1.64
1.64
1.64
1.64
1.64
1.64
1.64
1.64
1.64
1.64
1.64
1.44
1.64
1.64
1.64
1.64
1.64
1.64
1.64
1.64
1.64
1.64
1.64
1.64
1.64
1.64
1.64
1.64
1.64
1.64
1.64
1.64
1.64
1.64
1.64
1.64
1.64
1.64
1.64
1.64
1.64
1.64
1.64
1.64
1.64
1.64
1.44
1.64
1.64
1.64
1.64
1.64
1.64
1.64
1.64
1.64
1.64
1.64
1.64
1.64
1.64
1.64
1.64
1.64
1.64
1.64
1.64
1.64
1.64
1.64
1.64
1.64
1.64
1.64
1.64
1.64
1.64
1.64
1.64
1.64
1.64
1.64
1.64
1.44
1.64
1.64
1.64
1.64
1.64
1.44
1.64
1.64
1.64
1.64
1.64
1.64
1.64
1.64
1.64
1.64
1.64
1.64
1.64
1.64
1.64
1.64
1.64
1.64
1.64
1.64
1.64
1.64
1.64
1.64
1.64
1.64
1.64
1.64
1.64
1.64
1.64
1.64
1.44
1.64
1.64
1.64
1.64
1.64
1.64
1.64
1.64
1.64
1.64
1.64
1.64
1.64
1.64
1.64
1.64
1.64
1.64
1.64
1.64
1.64
1.64
1.64
1.64
1.64
1.64
1.64
1.64
1.64
1.64
1.64
1.64
1.64
1.64
1.64
1.64
1.64
1.64
1.64
1.64
1.64
1.64
1.64
1.44
1.64
1.64
1.64
1.64
1.64
1.64
1.64
1.64
1.64
1.64
1.64
1.64
1.64
1.64
1.64
1.64
1.64
1.64
1.64
1.64
1.64
1.64
1.64
1.64
1.64
1.64
1.64
1.64
1.64
1.64
1.64
1.44
1.04
1.64
1.64
1.64
1.64
1.64
1.64
1.64
1.64
1.64
1.64
1.64
1.64
1.64
1.64
1.64
1.64
1.64
1.64
1.64
1.64
1.64
1.64
1.64
1.64
1.64
1.64
1.64
1.64
1.64
1.64
1.64
1.64
1.64
1.64
1.64
1.64
1.64
1.64
1.64
1.64
1.64
1.64
1.64
1.64
1.64
1.64
1.64
1.64
1.64
1.64
1.64
1.64
1.64
1.64
1.64
1.64
1.64
1.64
1.64
1.64
1.64
1.64
1.64
1.64
1.64
1.64
1.64
1.64
1.64
1.64
1.64
1.64
1.64
1.64
1.64
1.64
1.64
1.64
1.64
1.64
1.64
1.64
1.64
1.64
1.64
1.64
1.64
1.64
1.64
1.64
1.64
1.64
1.64
1.64
1.64
1.64
1.64
1.64
1.64
1.64
1.64
1.64
1.64
1.64
1.64
1.64
1.64
1.64
1.64
1.64
1.64
1.64
1.64
1.64
1.64
1.64
1.64
1.64
1.64
1.64
1.64
1.64
1.64
1.64
1.64
1.64
1.64
1.64
1.64
1.64
1.64
1.64
1.64
1.64
1.64
1.64
1.64
1.64
1.64
1.64
1.64
1.64
1.64
1.64
1.64
1.64
1.64
1.64
1.64
1.64
1.64
1.64
1.64
1.64
1.44
1.64
1.64
1.64
1.64
1.64
1.64
1.64
1.64
1.64
1.64
1.64
1.64
1.64
1.64
1.64
1.64
1.64
1.64
1.64
1.64
1.64
1.64
1.64
1.64
1.64
1.64
1.64
1.64
1.64
1.64
1.64
1.64
1.64
1.64
1.64
1.64
1.64
1.64
1.64
1.64
1.64
1.64
bestTheta [-0.1150552  -1.24177585  0.39804591  0.46596572  0.34619714  0.00744569
 -1.18489793 -0.63462221 -0.54807494 -0.08991801 -0.12156763 -0.01401979
  0.40650787 -1.12857024  0.0056278  -0.12763912 -0.1200963   0.13080042
 -1.08985833 -0.59118888 -0.43650176  0.35623351  0.33789117  0.02803958
 -0.29145268  2.37034608 -0.40367371 -0.3383266  -0.22610084 -0.13824611
  2.27475626  1.22581108  0.9845767  -0.26631549 -0.21632354 -0.01401979]
Sample [((0, 1), 'N'), ((0.1, 1), 'N'), ((0.2, 1), 'N'), ((0.30000000000000004, 1), 'N'), ((0.4, 1), 'N'), ((0.5, 1), 'N'), ((0.6, 1), 'N'), ((0.7, 1), 'N'), ((0.7999999999999999, 1), 'N'), ((0.8999999999999999, 1), 'N'), ((0.9999999999999999, 1), 'N'), ((1.0999999999999999, 1), 'N'), ((1.2, 1), 'N'), ((1.3, 1), 'N'), ((1.4000000000000001, 1), 'N'), ((1.5000000000000002, 1), 'N'), ((1.6000000000000003, 1), 'N'), ((1.7000000000000004, 1), 'N'), ((1.8000000000000005, 1), 'N'), ((1.9000000000000006, 1), 'N')]
maxV [-4.0, 8.0, -4.0, 8.0, 0.20000000000000004]
eus value 1.64
0
3.0
5.0
3.0
3.0
3.0
4.0
5.0
2.0
2.0
3.0
5.0
5.0
3.0
0.0
1.0
1.0
0.0
2.0
1.0
0.0
2.0
1.0
2.0
2.0
4.0
0.0
1.0
2.0
0.0
2.0
0.0
8.0
8.0
8.0
8.0
8.0
8.0
8.0
8.0
8.0
8.0
8.0
8.0
8.0
8.0
8.0
8.0
8.0
8.0
8.0
8.0
8.0
8.0
8.0
8.0
8.0
8.0
8.0
8.0
8.0
8.0
8.0
8.0
8.0
8.0
4.0
8.0
8.0
8.0
8.0
8.0
8.0
8.0
8.0
8.0
8.0
8.0
8.0
8.0
8.0
8.0
8.0
8.0
8.0
8.0
8.0
8.0
8.0
8.0
8.0
3.0
8.0
8.0
8.0
8.0
8.0
8.0
8.0
8.0
8.0
8.0
8.0
8.0
8.0
8.0
8.0
8.0
8.0
8.0
8.0
8.0
8.0
8.0
8.0
8.0
8.0
8.0
8.0
8.0
8.0
8.0
8.0
8.0
8.0
8.0
8.0
8.0
8.0
8.0
8.0
8.0
8.0
8.0
8.0
8.0
8.0
8.0
8.0
8.0
8.0
8.0
8.0
8.0
8.0
8.0
8.0
8.0
8.0
8.0
8.0
8.0
8.0
8.0
8.0
8.0
8.0
8.0
8.0
8.0
8.0
8.0
8.0
8.0
8.0
8.0
8.0
8.0
8.0
8.0
8.0
8.0
8.0
8.0
8.0
8.0
8.0
8.0
8.0
8.0
8.0
8.0
8.0
8.0
8.0
8.0
8.0
8.0
8.0
8.0
5.0
8.0
8.0
8.0
8.0
8.0
8.0
8.0
8.0
8.0
8.0
8.0
8.0
8.0
8.0
8.0
8.0
8.0
8.0
8.0
8.0
8.0
8.0
8.0
8.0
8.0
8.0
8.0
8.0
8.0
8.0
8.0
8.0
8.0
8.0
8.0
8.0
8.0
8.0
8.0
8.0
8.0
8.0
8.0
8.0
8.0
8.0
8.0
8.0
8.0
8.0
8.0
8.0
8.0
8.0
8.0
8.0
8.0
8.0
8.0
8.0
8.0
8.0
8.0
8.0
8.0
8.0
8.0
8.0
8.0
8.0
8.0
8.0
8.0
8.0
8.0
8.0
8.0
8.0
8.0
8.0
8.0
8.0
8.0
8.0
8.0
8.0
8.0
8.0
8.0
8.0
8.0
8.0
8.0
8.0
8.0
8.0
8.0
8.0
8.0
8.0
8.0
8.0
8.0
8.0
8.0
8.0
8.0
8.0
8.0
8.0
8.0
8.0
8.0
8.0
8.0
8.0
8.0
8.0
8.0
8.0
8.0
8.0
8.0
8.0
8.0
8.0
8.0
8.0
8.0
8.0
8.0
8.0
8.0
8.0
8.0
8.0
8.0
8.0
8.0
8.0
8.0
8.0
8.0
8.0
8.0
8.0
8.0
8.0
8.0
8.0
8.0
8.0
8.0
8.0
8.0
8.0
8.0
8.0
8.0
8.0
8.0
8.0
8.0
8.0
8.0
8.0
8.0
8.0
8.0
8.0
8.0
8.0
8.0
8.0
8.0
8.0
8.0
8.0
8.0
8.0
8.0
8.0
8.0
8.0
8.0
8.0
8.0
8.0
8.0
8.0
8.0
8.0
8.0
8.0
8.0
8.0
8.0
8.0
7.0
8.0
8.0
8.0
8.0
8.0
8.0
8.0
8.0
8.0
8.0
8.0
8.0
8.0
8.0
8.0
8.0
8.0
8.0
8.0
8.0
8.0
8.0
8.0
8.0
8.0
8.0
8.0
8.0
8.0
8.0
8.0
8.0
8.0
8.0
8.0
8.0
8.0
8.0
8.0
8.0
8.0
8.0
8.0
8.0
8.0
8.0
8.0
8.0
8.0
8.0
8.0
8.0
8.0
8.0
8.0
8.0
8.0
8.0
8.0
8.0
8.0
8.0
8.0
8.0
8.0
8.0
8.0
8.0
8.0
8.0
8.0
8.0
8.0
8.0
8.0
8.0
8.0
8.0
8.0
8.0
8.0
8.0
8.0
8.0
8.0
8.0
8.0
8.0
8.0
8.0
8.0
8.0
8.0
8.0
8.0
8.0
8.0
8.0
8.0
8.0
8.0
8.0
8.0
8.0
8.0
8.0
8.0
8.0
8.0
8.0
8.0
bestTheta [-0.36705618 -1.71928097  0.31615164  0.66169923 -0.64987595 -0.75391831
 -1.21457869 -0.68969079 -0.95132335 -0.36705618 -0.25211184  0.
  0.15645426 -1.50631138  0.48182186  0.08013896  0.59589384  1.30367429
 -1.23178682 -0.28423693 -0.7178503   0.15645426  0.05668164  0.
  0.21060192  3.22559235 -0.7979735  -0.74183819  0.05398211 -0.54975598
  2.44636551  0.97392772  1.66917365  0.21060192  0.1954302   0.        ]
Sample [((0, 1), 'N'), ((0.1, 1), 'N'), ((0.2, 1), 'N'), ((0.30000000000000004, 1), 'N'), ((0.4, 1), 'N'), ((0.5, 1), 'N'), ((0.6, 1), 'N'), ((0.7, 1), 'N'), ((0.7999999999999999, 1), 'N'), ((0.8999999999999999, 1), 'N'), ((0.9999999999999999, 1), 'N'), ((1.0999999999999999, 1), 'N'), ((1.2, 1), 'N'), ((1.3, 1), 'N'), ((1.4000000000000001, 1), 'N'), ((1.5000000000000002, 1), 'N'), ((1.6000000000000003, 1), 'N'), ((1.7000000000000004, 1), 'N'), ((1.8000000000000005, 1), 'N'), ((1.9000000000000006, 1), 'N')]
0
-1.93333333333
-1.26666666667
-0.6
-1.93333333333
-1.26666666667
0.0666666666667
0.0666666666667
0.0666666666667
-1.26666666667
-1.26666666667
0.0666666666667
0.0666666666667
-0.6
0.0666666666667
-0.6
-1.26666666667
-0.6
-0.6
-1.93333333333
-0.6
-0.6
0.0666666666667
0.0666666666667
0.0666666666667
0.0666666666667
0.0666666666667
0.0666666666667
0.0666666666667
-1.26666666667
0.0666666666667
0.0666666666667
-0.6
-0.6
0.0666666666667
-1.26666666667
0.0666666666667
0.0666666666667
0.0666666666667
0.0666666666667
0.0666666666667
0.0666666666667
0.0666666666667
0.0666666666667
0.0666666666667
0.0666666666667
0.0666666666667
0.0666666666667
0.0666666666667
0.0666666666667
0.0666666666667
0.0666666666667
-1.26666666667
-0.6
0.0666666666667
0.0666666666667
0.0666666666667
0.0666666666667
0.0666666666667
0.0666666666667
0.0666666666667
0.0666666666667
0.0666666666667
0.0666666666667
0.0666666666667
0.0666666666667
0.0666666666667
0.0666666666667
0.0666666666667
0.0666666666667
0.0666666666667
0.0666666666667
0.0666666666667
0.0666666666667
0.0666666666667
0.0666666666667
0.0666666666667
0.0666666666667
0.0666666666667
0.0666666666667
0.0666666666667
0.0666666666667
0.0666666666667
0.0666666666667
0.0666666666667
0.0666666666667
0.0666666666667
0.0666666666667
0.0666666666667
0.0666666666667
0.0666666666667
0.0666666666667
0.0666666666667
0.0666666666667
0.0666666666667
0.0666666666667
0.0666666666667
0.0666666666667
-0.6
0.0666666666667
0.0666666666667
0.0666666666667
-0.6
0.0666666666667
0.0666666666667
0.0666666666667
0.0666666666667
0.0666666666667
0.0666666666667
0.0666666666667
0.0666666666667
0.0666666666667
0.0666666666667
-0.6
0.0666666666667
0.0666666666667
0.0666666666667
0.0666666666667
0.0666666666667
0.0666666666667
0.0666666666667
0.0666666666667
-0.6
0.0666666666667
0.0666666666667
0.0666666666667
0.0666666666667
0.0666666666667
0.0666666666667
-0.6
0.0666666666667
0.0666666666667
0.0666666666667
0.0666666666667
0.0666666666667
-0.6
0.0666666666667
0.0666666666667
0.0666666666667
0.0666666666667
0.0666666666667
0.0666666666667
0.0666666666667
0.0666666666667
0.0666666666667
0.0666666666667
0.0666666666667
0.0666666666667
0.0666666666667
0.0666666666667
-0.6
0.0666666666667
0.0666666666667
0.0666666666667
0.0666666666667
0.0666666666667
0.0666666666667
0.0666666666667
0.0666666666667
0.0666666666667
0.0666666666667
0.0666666666667
-0.6
0.0666666666667
0.0666666666667
0.0666666666667
-0.6
0.0666666666667
0.0666666666667
0.0666666666667
0.0666666666667
0.0666666666667
0.0666666666667
0.0666666666667
0.0666666666667
0.0666666666667
0.0666666666667
0.0666666666667
0.0666666666667
0.0666666666667
0.0666666666667
0.0666666666667
0.0666666666667
0.0666666666667
0.0666666666667
0.0666666666667
0.0666666666667
0.0666666666667
0.0666666666667
0.0666666666667
0.0666666666667
0.0666666666667
0.0666666666667
0.0666666666667
0.0666666666667
0.0666666666667
0.0666666666667
0.0666666666667
0.0666666666667
0.0666666666667
0.0666666666667
0.0666666666667
0.0666666666667
0.0666666666667
0.0666666666667
0.0666666666667
0.0666666666667
0.0666666666667
0.0666666666667
0.0666666666667
0.0666666666667
0.0666666666667
0.0666666666667
0.0666666666667
0.0666666666667
0.0666666666667
0.0666666666667
-0.6
0.0666666666667
0.0666666666667
0.0666666666667
0.0666666666667
0.0666666666667
0.0666666666667
0.0666666666667
0.0666666666667
0.0666666666667
0.0666666666667
0.0666666666667
0.0666666666667
0.0666666666667
0.0666666666667
0.0666666666667
0.0666666666667
0.0666666666667
0.0666666666667
0.0666666666667
0.0666666666667
0.0666666666667
0.0666666666667
0.0666666666667
0.0666666666667
0.0666666666667
0.0666666666667
0.0666666666667
0.0666666666667
0.0666666666667
0.0666666666667
0.0666666666667
0.0666666666667
0.0666666666667
0.0666666666667
0.0666666666667
0.0666666666667
0.0666666666667
0.0666666666667
0.0666666666667
0.0666666666667
0.0666666666667
0.0666666666667
0.0666666666667
0.0666666666667
0.0666666666667
0.0666666666667
0.0666666666667
0.0666666666667
0.0666666666667
0.0666666666667
0.0666666666667
0.0666666666667
0.0666666666667
0.0666666666667
0.0666666666667
0.0666666666667
0.0666666666667
0.0666666666667
0.0666666666667
0.0666666666667
0.0666666666667
-0.6
0.0666666666667
0.0666666666667
0.0666666666667
0.0666666666667
0.0666666666667
0.0666666666667
0.0666666666667
0.0666666666667
0.0666666666667
0.0666666666667
0.0666666666667
0.0666666666667
0.0666666666667
0.0666666666667
0.0666666666667
0.0666666666667
0.0666666666667
0.0666666666667
0.0666666666667
0.0666666666667
-0.6
0.0666666666667
0.0666666666667
0.0666666666667
0.0666666666667
0.0666666666667
0.0666666666667
0.0666666666667
0.0666666666667
0.0666666666667
0.0666666666667
0.0666666666667
0.0666666666667
0.0666666666667
0.0666666666667
0.0666666666667
0.0666666666667
0.0666666666667
0.0666666666667
0.0666666666667
0.0666666666667
0.0666666666667
0.0666666666667
0.0666666666667
0.0666666666667
0.0666666666667
0.0666666666667
0.0666666666667
0.0666666666667
0.0666666666667
0.0666666666667
0.0666666666667
0.0666666666667
0.0666666666667
0.0666666666667
0.0666666666667
0.0666666666667
0.0666666666667
0.0666666666667
0.0666666666667
0.0666666666667
0.0666666666667
0.0666666666667
0.0666666666667
0.0666666666667
0.0666666666667
0.0666666666667
0.0666666666667
0.0666666666667
0.0666666666667
0.0666666666667
0.0666666666667
0.0666666666667
0.0666666666667
0.0666666666667
0.0666666666667
-0.6
0.0666666666667
0.0666666666667
0.0666666666667
0.0666666666667
0.0666666666667
0.0666666666667
0.0666666666667
0.0666666666667
0.0666666666667
0.0666666666667
0.0666666666667
0.0666666666667
0.0666666666667
0.0666666666667
0.0666666666667
0.0666666666667
0.0666666666667
0.0666666666667
0.0666666666667
-0.6
0.0666666666667
0.0666666666667
0.0666666666667
0.0666666666667
0.0666666666667
0.0666666666667
0.0666666666667
0.0666666666667
0.0666666666667
0.0666666666667
0.0666666666667
0.0666666666667
0.0666666666667
0.0666666666667
0.0666666666667
0.0666666666667
0.0666666666667
0.0666666666667
0.0666666666667
0.0666666666667
0.0666666666667
0.0666666666667
0.0666666666667
0.0666666666667
0.0666666666667
0.0666666666667
0.0666666666667
0.0666666666667
0.0666666666667
0.0666666666667
0.0666666666667
0.0666666666667
0.0666666666667
0.0666666666667
0.0666666666667
0.0666666666667
0.0666666666667
0.0666666666667
0.0666666666667
0.0666666666667
0.0666666666667
0.0666666666667
0.0666666666667
0.0666666666667
0.0666666666667
0.0666666666667
0.0666666666667
0.0666666666667
0.0666666666667
0.0666666666667
0.0666666666667
0.0666666666667
0.0666666666667
0.0666666666667
0.0666666666667
0.0666666666667
0.0666666666667
0.0666666666667
0.0666666666667
0.0666666666667
0.0666666666667
0.0666666666667
0.0666666666667
0.0666666666667
0.0666666666667
0.0666666666667
0.0666666666667
0.0666666666667
0.0666666666667
0.0666666666667
0.0666666666667
0.0666666666667
0.0666666666667
0.0666666666667
0.0666666666667
0.0666666666667
0.0666666666667
0.0666666666667
0.0666666666667
0.0666666666667
0.0666666666667
0.0666666666667
0.0666666666667
0.0666666666667
0.0666666666667
0.0666666666667
0.0666666666667
0.0666666666667
0.0666666666667
0.0666666666667
0.0666666666667
0.0666666666667
0.0666666666667
0.0666666666667
0.0666666666667
0.0666666666667
0.0666666666667
0.0666666666667
0.0666666666667
0.0666666666667
0.0666666666667
0.0666666666667
0.0666666666667
0.0666666666667
0.0666666666667
0.0666666666667
0.0666666666667
0.0666666666667
0.0666666666667
0.0666666666667
0.0666666666667
0.0666666666667
0.0666666666667
0.0666666666667
0.0666666666667
0.0666666666667
0.0666666666667
0.0666666666667
0.0666666666667
0.0666666666667
0.0666666666667
0.0666666666667
0.0666666666667
0.0666666666667
bestTheta [ 0.12109443 -0.14759501 -1.49968948 -1.63563482 -0.57378112 -0.51863492
  0.14099304 -0.14540455 -0.44077202  0.16490257 -0.23046435  0.03948556
 -0.89475323  1.36565604 -0.21068933 -0.22119901 -0.01021542 -0.29091048
  0.44832271  0.85306714  1.03201296 -0.94834692 -0.01109753 -0.36438496
  0.77365881 -1.21806103  1.71037881  1.85683383  0.58399654  0.8095454
 -0.58931575 -0.7076626  -0.59124094  0.78344435  0.24156188  0.32489939]
Sample [((0, 1), 'E'), ((0.1, 2), 'N'), ((0.2, 2), 'N'), ((0.30000000000000004, 2), 'N'), ((0.4, 2), 'N'), ((0.5, 2), 'N'), ((0.6, 2), 'N'), ((0.7, 2), 'N'), ((0.7999999999999999, 2), 'N'), ((0.8999999999999999, 2), 'N'), ((0.9999999999999999, 2), 'N'), ((1.0999999999999999, 2), 'N'), ((1.2, 2), 'N'), ((1.3, 2), 'N'), ((1.4000000000000001, 2), 'N'), ((1.5000000000000002, 2), 'N'), ((1.6000000000000003, 2), 'N'), ((1.7000000000000004, 2), 'N'), ((1.8000000000000005, 2), 'N'), ((1.9000000000000006, 2), 'N')]
under prior belief:
0
0.04
0.04
0.04
0.04
0.04
0.04
0.04
0.04
0.04
0.04
0.04
0.04
0.04
0.04
0.04
0.04
0.04
0.04
0.04
0.04
0.04
0.04
0.04
0.04
0.04
0.04
0.04
0.04
0.04
0.04
0.04
0.04
0.04
0.04
0.04
0.04
0.04
0.04
0.04
0.04
0.04
0.04
0.04
0.04
0.04
0.04
0.04
0.04
0.04
0.04
0.04
0.04
0.04
0.04
0.04
0.04
0.04
0.04
0.04
0.04
0.04
0.04
0.04
0.04
0.04
0.04
0.04
0.04
0.04
0.04
0.04
0.04
0.04
0.04
0.04
0.04
0.04
0.04
0.04
0.04
0.04
0.04
0.04
0.04
0.04
0.04
0.04
0.04
0.04
0.04
0.04
0.04
0.04
0.04
0.04
0.04
0.04
0.04
0.04
0.04
0.04
0.04
0.04
0.04
0.04
0.04
0.04
0.04
0.04
0.04
0.04
0.04
0.04
0.04
0.04
0.04
0.04
0.04
0.04
0.04
0.04
0.04
0.04
0.04
0.04
0.04
0.04
0.04
0.04
0.04
0.04
0.04
0.04
0.04
0.04
0.04
0.04
0.04
0.04
0.04
0.04
0.04
0.04
0.04
0.04
0.04
0.04
0.04
0.04
0.04
0.04
0.04
0.04
0.04
0.04
0.04
0.04
0.04
0.04
0.04
0.04
0.04
0.04
0.04
0.04
0.04
0.04
0.04
0.04
0.04
0.04
0.04
0.04
0.04
0.04
0.04
0.04
0.04
0.04
0.04
0.04
0.04
0.04
0.04
0.04
0.04
0.04
0.04
0.04
0.04
0.04
0.04
0.04
0.04
0.04
0.04
0.04
0.04
0.04
0.04
0.04
0.04
0.04
0.04
0.04
0.04
0.04
0.04
0.04
0.04
0.04
0.04
0.04
0.04
0.04
0.04
0.04
0.04
0.04
0.04
0.04
0.04
0.04
0.04
0.04
0.04
0.04
0.04
0.04
0.04
0.04
0.04
0.04
0.04
0.04
0.04
0.04
0.04
0.04
0.04
0.04
0.04
0.04
0.04
0.04
0.04
0.04
0.04
0.04
0.04
0.04
0.04
0.04
0.04
0.04
0.04
0.04
0.04
0.04
0.04
0.04
0.04
0.04
0.04
0.04
0.04
0.04
0.04
0.04
0.04
0.04
0.04
0.04
0.04
0.04
0.04
0.04
0.04
0.04
0.04
0.04
0.04
0.04
0.04
0.04
0.04
0.04
0.04
0.04
0.04
0.04
0.04
0.04
0.04
0.04
0.04
0.04
0.04
0.04
0.04
0.04
0.04
0.04
0.04
0.04
0.04
0.04
0.04
0.04
0.04
0.04
0.04
0.04
0.04
0.04
0.04
0.04
0.04
0.04
0.04
0.04
0.04
0.04
0.04
0.04
0.04
0.04
0.04
0.04
0.04
0.04
0.04
0.04
0.04
0.04
0.04
0.04
0.04
0.04
0.04
0.04
0.04
0.04
0.04
0.04
0.04
0.04
0.04
0.04
0.04
0.04
0.04
0.04
0.04
0.04
0.04
0.04
0.04
0.04
0.04
0.04
0.04
0.04
0.04
0.04
0.04
0.04
0.04
0.04
0.04
0.04
0.04
0.04
0.04
0.04
0.04
0.04
0.04
0.04
0.04
0.04
0.04
0.04
0.04
0.04
0.04
0.04
0.04
0.04
0.04
0.04
0.04
0.04
0.04
0.04
0.04
0.04
0.04
0.04
0.04
0.04
0.04
0.04
0.04
0.04
0.04
0.04
0.04
0.04
0.04
0.04
0.04
0.04
0.04
0.04
0.04
0.04
0.04
0.04
0.04
0.04
0.04
0.04
0.04
0.04
0.04
0.04
0.04
0.04
0.04
0.04
0.04
0.04
0.04
0.04
0.04
0.04
0.04
0.04
0.04
0.04
0.04
0.04
0.04
0.04
0.04
0.04
0.04
0.04
0.04
0.04
0.04
0.04
0.04
0.04
0.04
0.04
0.04
0.04
0.04
0.04
0.04
0.04
0.04
0.04
0.04
0.04
0.04
0.04
0.04
0.04
0.04
0.04
0.04
0.04
0.04
0.04
0.04
0.04
0.04
0.04
0.04
0.04
0.04
0.04
0.04
0.04
0.04
0.04
0.04
0.04
0.04
0.04
0.04
0.04
0.04
0.04
0.04
0.04
0.04
bestTheta [ 0.04072654 -0.11699407  0.02205634  0.01706912 -0.04087565  0.05425306
 -0.09855798 -0.03854595 -0.05993548  0.02573107 -0.01149039  0.04720324
 -0.01266138  0.06429774 -0.1225817  -0.12446214 -0.00967819 -0.0884593
  0.03368212  0.05327021  0.01570758  0.0064785   0.00802184  0.00728725
 -0.02806516  0.05269633  0.10052536  0.10739302  0.05055384  0.03420625
  0.06487587 -0.01472426  0.04422789 -0.03220957  0.00346855 -0.05449049]
Sample [((0, 1), 'E'), ((0.1, 2), 'W'), ((0.2, 1), 'W'), ((0.30000000000000004, 0), 'N'), ((0.4, 0), 'W'), ((0.5, 0), 'N'), ((0.6, 0), 'W'), ((0.7, 0), 'N'), ((0.7999999999999999, 0), 'E'), ((0.8999999999999999, 1), 'E'), ((0.9999999999999999, 2), 'N'), ((1.0999999999999999, 2), 'E'), ((1.2, 2), 'N'), ((1.3, 2), 'N'), ((1.4000000000000001, 2), 'W'), ((1.5000000000000002, 1), 'W'), ((1.6000000000000003, 0), 'N'), ((1.7000000000000004, 0), 'N'), ((1.8000000000000005, 0), 'N'), ((1.9000000000000006, 0), 'E')]
q [<function getSoftmaxActProb at 0x7fcd05d1f320>, <function getSoftmaxActProb at 0x7fcd05d1f398>]
0 3.2 22.0723719597
