
RUNNING 1000 EPISODES

0 0 0 0 0 0 0 0 0
0.0 0 0.0 0.5 0 0 0 0 0
0 0 0.0 0.5 0 0.0 0 0.5 0
0.0 0 0.0 0.5 0 0.0 0 0.75 0.225
0.225 0 0.0 0.75 0 0.0 0 0.75 0.225
0.61875 0.3796875 0.06834375 0.875 0.11390625 0.0 0 0.75 0.225
0.703125 0.46828125 0.20503125 0.9375 0.11390625 0.0 0 0.75 0.225
0.7734375 0.550546875 0.36734765625 0.96875 0.11390625 0.0 0 0.75 0.225
0.82265625 0.65970703125 0.463456054688 0.984375 0.11390625 0.0 0 0.75 0.225
0.854296875 0.700048828125 0.528596191406 0.984375 0.11390625 0.10125 0 0.875 0.45
0.8701171875 0.734458007813 0.579320068359 0.9921875 0.371975097656 0.10125 0 0.875 0.45
0.88154296875 0.770943603516 0.620166137695 0.99609375 0.371975097656 0.10125 0 0.875 0.45
0.889013671875 0.782166137695 0.65700769043 0.998046875 0.371975097656 0.10125 0 0.875 0.45
0.893627929688 0.791139221191 0.680478607178 0.9990234375 0.371975097656 0.10125 0 0.875 0.45
0.896374511719 0.797702178955 0.696251953125 0.99951171875 0.371975097656 0.10125 0 0.875 0.45
0.897967529297 0.802219619751 0.707091957092 0.999755859375 0.371975097656 0.10125 0 0.875 0.45
0.897967529297 0.802219619751 0.707091957092 0.999755859375 0.371975097656 0.253125 0 0.9375 0.61875
0.898873901367 0.805195198059 0.714544807434 0.999877929688 0.371975097656 0.253125 0 0.9375 0.61875
0.899382019043 0.807090854645 0.719610242844 0.999938964844 0.371975097656 0.253125 0 0.9375 0.61875
0.899382019043 0.807090854645 0.722996006012 0.999938964844 0.371975097656 0.405 0 0.96875 0.73125
0.899663543701 0.808267335892 0.724688887596 0.999969482422 0.371975097656 0.405 0 0.96875 0.73125
0.89981803894 0.808982262611 0.726064744949 0.999984741211 0.371975097656 0.405 0 0.96875 0.73125
0.899902153015 0.809409248829 0.72707439065 0.999992370605 0.371975097656 0.405 0 0.96875 0.73125
0.89994764328 0.809786265492 0.728119840622 0.999996185303 0.550221710801 0.405 0 0.96875 0.73125
0.899984335899 0.809869572222 0.728463739783 0.999998092651 0.550221710801 0.405 0 0.96875 0.73125
0.899991309643 0.809927737266 0.728673177391 0.999999046326 0.550221710801 0.405 0 0.96875 0.73125
0.899995225668 0.809959957972 0.728804070465 0.999999523163 0.550221710801 0.405 0 0.96875 0.73125
0.899999027699 0.809995179945 0.72888401632 0.999999761581 0.639600879142 0.405 0 0.96875 0.73125
0.899999406561 0.809997152437 0.728939839135 0.999999880791 0.639600879142 0.405 0 0.96875 0.73125
0.899999771174 0.809998996922 0.728968638164 0.999999940395 0.684299678698 0.405 0 0.96875 0.73125
0.89999990256 0.809999395489 0.728983867697 0.999999970198 0.684299678698 0.405 0 0.96875 0.73125
0.899999937869 0.809999653897 0.728983867697 0.999999985099 0.706649567319 0.6423046875 0 0.96875 0.854296875
0.899999962229 0.80999979899 0.728991778102 0.999999992549 0.717824627913 0.6423046875 0 0.96875 0.854296875
0.899999977762 0.809999882498 0.728995798596 0.999999996275 0.717824627913 0.6423046875 0 0.96875 0.854296875
0.899999987205 0.809999931242 0.728997846422 0.999999998137 0.717824627913 0.6423046875 0 0.96875 0.854296875
0.899999992764 0.809999959863 0.72899889227 0.999999999069 0.717824627913 0.6423046875 0 0.96875 0.854296875
0.899999995963 0.809999976675 0.728999695975 0.999999999534 0.717824627913 0.6423046875 0 0.96875 0.854296875
0.899999995963 0.809999976675 0.728999837491 0.999999999767 0.717824627913 0.6423046875 0 0.96875 0.854296875
0.899999997877 0.809999986521 0.72899990825 0.999999999884 0.717824627913 0.6423046875 0 0.96875 0.854296875
0.899999998886 0.809999992305 0.728999948059 0.999999999942 0.717824627913 0.6423046875 0 0.96875 0.854296875
0.899999999417 0.809999995651 0.728999970567 0.999999999971 0.717824627913 0.6423046875 0 0.96875 0.854296875
0.899999999904 0.809999997563 0.728999983326 0.999999999985 0.717824627913 0.6423046875 0 0.96875 0.854296875
0.899999999966 0.809999999345 0.728999990567 0.999999999985 0.726206156127 0.7055859375 0 0.984375 0.8630859375
0.899999999982 0.809999999657 0.728999994988 0.999999999993 0.726206156127 0.7055859375 0 0.984375 0.8630859375
0.899999999988 0.80999999982 0.72899999734 0.999999999996 0.726206156127 0.7055859375 0 0.984375 0.8630859375
0.899999999994 0.809999999949 0.728999998589 0.999999999998 0.72760307802 0.7055859375 0 0.984375 0.8630859375
0.899999999996 0.809999999972 0.728999999272 0.999999999999 0.72760307802 0.7055859375 0 0.984375 0.8630859375
0.899999999998 0.809999999991 0.728999999623 1.0 0.72760307802 0.7055859375 0 0.984375 0.8630859375
0.899999999999 0.809999999994 0.728999999623 1.0 0.728650769499 0.741181640625 0 0.984375 0.87451171875
0.9 0.809999999998 0.728999999902 1.0 0.728825384748 0.741181640625 0 0.984375 0.87451171875
0.9 0.809999999999 0.72899999995 1.0 0.728825384748 0.741181640625 0 0.984375 0.87451171875
0.9 0.809999999999 0.728999999993 1.0 0.728825384748 0.741181640625 0 0.984375 0.87451171875
0.9 0.81 0.728999999996 1.0 0.728825384748 0.741181640625 0 0.984375 0.87451171875
0.9 0.81 0.728999999998 1.0 0.728825384748 0.741181640625 0 0.984375 0.87451171875
0.9 0.81 0.728999999999 1.0 0.728825384748 0.741181640625 0 0.984375 0.87451171875
0.9 0.81 0.729 1.0 0.728825384748 0.741181640625 0 0.984375 0.87451171875
0.9 0.81 0.729 1.0 0.728825384748 0.741181640625 0 0.984375 0.87451171875
0.9 0.81 0.729 1.0 0.728825384748 0.741181640625 0 0.984375 0.87451171875
0.9 0.81 0.729 1.0 0.728825384748 0.741181640625 0 0.984375 0.87451171875
0.9 0.81 0.729 1.0 0.728825384748 0.741181640625 0 0.984375 0.87451171875
0.9 0.81 0.729 1.0 0.728825384748 0.741181640625 0 0.984375 0.87451171875
0.9 0.81 0.729 1.0 0.728825384748 0.741181640625 0 0.984375 0.87451171875
0.9 0.81 0.729 1.0 0.728825384748 0.741181640625 0 0.984375 0.87451171875
0.9 0.81 0.729 1.0 0.728956346187 0.741181640625 0 0.984375 0.87451171875
0.9 0.81 0.729 1.0 0.728956346187 0.741181640625 0 0.984375 0.87451171875
0.9 0.81 0.729 1.0 0.728956346187 0.775590820313 0 0.9921875 0.883081054688
0.9 0.81 0.729 1.0 0.728978173093 0.785181884766 0 0.99609375 0.888024902344
0.9 0.81 0.729 1.0 0.728989086547 0.785181884766 0 0.99609375 0.888024902344
0.9 0.81 0.729 1.0 0.728989086547 0.785181884766 0 0.99609375 0.888024902344
0.9 0.81 0.729 1.0 0.728989086547 0.785181884766 0 0.99609375 0.888024902344
0.9 0.81 0.729 1.0 0.728989086547 0.785181884766 0 0.99609375 0.888024902344
0.9 0.81 0.729 1.0 0.728989086547 0.785181884766 0 0.99609375 0.888024902344
0.9 0.81 0.729 1.0 0.728989086547 0.785181884766 0 0.99609375 0.888024902344
0.9 0.81 0.729 1.0 0.728989086547 0.785181884766 0 0.99609375 0.888024902344
0.9 0.81 0.729 1.0 0.728994543273 0.785181884766 0 0.99609375 0.888024902344
0.9 0.81 0.729 1.0 0.728994543273 0.785181884766 0 0.99609375 0.888024902344
0.9 0.81 0.729 1.0 0.728997271637 0.785181884766 0 0.99609375 0.888024902344
0.9 0.81 0.729 1.0 0.728997271637 0.785181884766 0 0.99609375 0.888024902344
0.9 0.81 0.729 1.0 0.728998635818 0.785181884766 0 0.99609375 0.888024902344
0.9 0.81 0.729 1.0 0.728998635818 0.785181884766 0 0.998046875 0.888024902344
0.9 0.81 0.729 1.0 0.728999317909 0.785181884766 0 0.998046875 0.888024902344
0.9 0.81 0.729 1.0 0.728999317909 0.785181884766 0 0.998046875 0.888024902344
0.9 0.81 0.729 1.0 0.728999317909 0.785181884766 0 0.998046875 0.888024902344
0.9 0.81 0.729 1.0 0.728999317909 0.785181884766 0 0.998046875 0.888024902344
0.9 0.81 0.729 1.0 0.728999658955 0.785181884766 0 0.998046875 0.888024902344
0.9 0.81 0.729 1.0 0.728999658955 0.785181884766 0 0.998046875 0.888024902344
0.9 0.81 0.729 1.0 0.728999957369 0.785181884766 0 0.998046875 0.888024902344
0.9 0.81 0.729 1.0 0.728999978685 0.785181884766 0 0.998046875 0.888024902344
0.9 0.81 0.729 1.0 0.728999978685 0.785181884766 0 0.998046875 0.888024902344
0.9 0.81 0.729 1.0 0.728999978685 0.785181884766 0 0.998046875 0.888024902344
0.9 0.81 0.729 1.0 0.728999989342 0.785181884766 0 0.998046875 0.888024902344
0.9 0.81 0.729 1.0 0.728999989342 0.792202148438 0 0.9990234375 0.893133544922
0.9 0.81 0.729 1.0 0.728999989342 0.792202148438 0 0.9990234375 0.893133544922
0.9 0.81 0.729 1.0 0.728999989342 0.792202148438 0 0.9990234375 0.893133544922
0.9 0.81 0.729 1.0 0.728999989342 0.792202148438 0 0.9990234375 0.893133544922
0.9 0.81 0.729 1.0 0.728999994671 0.792202148438 0 0.9990234375 0.893133544922
0.9 0.81 0.729 1.0 0.728999994671 0.792202148438 0 0.9990234375 0.893133544922
0.9 0.81 0.729 1.0 0.728999994671 0.792202148438 0 0.9990234375 0.893133544922
0.9 0.81 0.729 1.0 0.728999994671 0.792202148438 0 0.9990234375 0.893133544922
0.9 0.81 0.729 1.0 0.728999994671 0.792202148438 0 0.9990234375 0.893133544922
0.9 0.81 0.729 1.0 0.728999994671 0.792202148438 0 0.9990234375 0.893133544922
0.9 0.81 0.729 1.0 0.728999994671 0.798011169434 0 0.99951171875 0.896127319336
0.9 0.81 0.729 1.0 0.728999994671 0.802262878418 0 0.999755859375 0.897843933105
0.9 0.81 0.729 1.0 0.728999994671 0.802262878418 0 0.999755859375 0.897843933105
0.9 0.81 0.729 1.0 0.728999994671 0.802262878418 0 0.999755859375 0.897843933105
0.9 0.81 0.729 1.0 0.728999994671 0.802262878418 0 0.999755859375 0.897843933105
0.9 0.81 0.729 1.0 0.728999994671 0.802262878418 0 0.999755859375 0.897843933105
0.9 0.81 0.729 1.0 0.728999994671 0.802262878418 0 0.999755859375 0.897843933105
0.9 0.81 0.729 1.0 0.728999997336 0.802262878418 0 0.999755859375 0.897843933105
0.9 0.81 0.729 1.0 0.728999997336 0.802262878418 0 0.999755859375 0.897843933105
0.9 0.81 0.729 1.0 0.728999997336 0.805161209106 0 0.999877929688 0.898812103271
0.9 0.81 0.729 1.0 0.728999997336 0.805161209106 0 0.999877929688 0.898812103271
0.9 0.81 0.729 1.0 0.728999997336 0.805161209106 0 0.999877929688 0.898812103271
0.9 0.81 0.729 1.0 0.728999998668 0.805161209106 0 0.999877929688 0.898812103271
0.9 0.81 0.729 1.0 0.728999998668 0.805161209106 0 0.999938964844 0.898812103271
0.9 0.81 0.729 1.0 0.728999999334 0.805161209106 0 0.999938964844 0.898812103271
0.9 0.81 0.729 1.0 0.728999999334 0.807046051025 0 0.999969482422 0.899378585815
0.9 0.81 0.729 1.0 0.728999999667 0.80824338913 0 0.999969482422 0.899675559998
0.9 0.81 0.729 1.0 0.728999999667 0.80824338913 0 0.999969482422 0.899675559998
0.9 0.81 0.729 1.0 0.728999999667 0.80824338913 0 0.999969482422 0.899675559998
0.9 0.81 0.729 1.0 0.728999999667 0.80824338913 0 0.999969482422 0.899675559998
0.9 0.81 0.729 1.0 0.728999999667 0.80824338913 0 0.999969482422 0.899675559998
0.9 0.81 0.729 1.0 0.728999999667 0.80824338913 0 0.999969482422 0.899675559998
0.9 0.81 0.729 1.0 0.728999999667 0.80824338913 0 0.999969482422 0.899675559998
0.9 0.81 0.729 1.0 0.728999999667 0.80824338913 0 0.999969482422 0.899675559998
0.9 0.81 0.729 1.0 0.787019348145 0.80824338913 0 0.999984741211 0.899675559998
0.9 0.81 0.729 1.0 0.787019348145 0.80824338913 0 0.999984741211 0.899675559998
0.9 0.81 0.729 1.0 0.787019348145 0.80824338913 0 0.999984741211 0.899675559998
0.9 0.81 0.729 1.0 0.787019348145 0.80824338913 0 0.999984741211 0.899675559998
0.9 0.81 0.729 1.0 0.843502807617 0.80824338913 0 0.999992370605 0.899675559998
0.9 0.81 0.729 1.0 0.843502807617 0.80824338913 0 0.999992370605 0.899675559998
0.9 0.81 0.729 1.0 0.871747970581 0.80824338913 0 0.999996185303 0.899834346771
0.9 0.81 0.729 1.0 0.871747970581 0.80824338913 0 0.999996185303 0.899834346771
0.9 0.81 0.729 1.0 0.871747970581 0.80824338913 0 0.999996185303 0.899834346771
0.9 0.81 0.729 1.0 0.871747970581 0.80824338913 0 0.999996185303 0.899834346771
0.9 0.81 0.729 1.0 0.871747970581 0.80824338913 0 0.999996185303 0.899834346771
0.9 0.81 0.729 1.0 0.885872268677 0.80824338913 0 0.999998092651 0.899834346771
0.9 0.81 0.729 1.0 0.885872268677 0.809449031353 0 0.999999046326 0.899916315079
0.9 0.81 0.729 1.0 0.885872268677 0.809449031353 0 0.999999046326 0.899916315079
0.9 0.81 0.729 1.0 0.885872268677 0.809449031353 0 0.999999046326 0.899916315079
0.9 0.81 0.729 1.0 0.892935705185 0.809449031353 0 0.999999523163 0.899916315079
0.9 0.81 0.729 1.0 0.892935705185 0.809686857462 0 0.999999761581 0.899957942963
0.9 0.81 0.729 1.0 0.892935705185 0.809686857462 0 0.999999761581 0.899957942963
0.9 0.81 0.729 1.0 0.892935705185 0.809686857462 0 0.999999761581 0.899957942963
0.9 0.81 0.729 1.0 0.892935705185 0.809686857462 0 0.999999761581 0.899957942963
0.9 0.81 0.729 1.0 0.896467745304 0.809686857462 0 0.999999880791 0.899957942963
0.9 0.81 0.729 1.0 0.896467745304 0.809686857462 0 0.999999880791 0.899957942963
0.9 0.81 0.729 1.0 0.896467745304 0.809824503064 0 0.999999940395 0.899978917837
0.9 0.81 0.729 1.0 0.896467745304 0.809902764559 0 0.999999970198 0.899989432096
0.9 0.81 0.729 1.0 0.896467745304 0.809902764559 0 0.999999970198 0.899989432096
0.9 0.81 0.729 1.0 0.896467745304 0.809902764559 0 0.999999970198 0.899989432096
0.9 0.81 0.729 1.0 0.896467745304 0.809902764559 0 0.999999970198 0.899989432096
0.9 0.81 0.729 1.0 0.896467745304 0.809902764559 0 0.999999970198 0.899989432096
0.9 0.81 0.729 1.0 0.896467745304 0.809902764559 0 0.999999970198 0.899989432096
0.9 0.81 0.729 1.0 0.898233859241 0.809902764559 0 0.999999985099 0.899989432096
0.9 0.81 0.729 1.0 0.898233859241 0.809902764559 0 0.999999985099 0.899989432096
0.9 0.81 0.729 1.0 0.898233859241 0.809902764559 0 0.999999985099 0.899989432096
0.9 0.81 0.729 1.0 0.898233859241 0.809902764559 0 0.999999985099 0.899989432096
0.9 0.81 0.729 1.0 0.898233859241 0.809902764559 0 0.999999985099 0.899989432096
0.9 0.81 0.729 1.0 0.898233859241 0.809902764559 0 0.999999985099 0.899989432096
0.9 0.81 0.729 1.0 0.899116922915 0.809902764559 0 0.999999992549 0.899989432096
0.9 0.81 0.729 1.0 0.899116922915 0.809902764559 0 0.999999992549 0.899989432096
0.9 0.81 0.729 1.0 0.899116922915 0.809902764559 0 0.999999992549 0.899989432096
0.9 0.81 0.729 1.0 0.899558458105 0.809902764559 0 0.999999996275 0.899989432096
0.9 0.81 0.729 1.0 0.899558458105 0.809902764559 0 0.999999996275 0.899989432096
0.9 0.81 0.729 1.0 0.899558458105 0.809902764559 0 0.999999996275 0.899989432096
0.9 0.81 0.729 1.0 0.899558458105 0.809902764559 0 0.999999996275 0.899989432096
0.9 0.81 0.729 1.0 0.899558458105 0.809902764559 0 0.999999996275 0.899989432096
0.9 0.81 0.729 1.0 0.899558458105 0.809902764559 0 0.999999996275 0.899989432096
0.9 0.81 0.729 1.0 0.899558458105 0.809946626723 0 0.999999998137 0.899994714372
0.9 0.81 0.729 1.0 0.899558458105 0.809970934829 0 0.999999999069 0.899997356348
0.9 0.81 0.729 1.0 0.899558458105 0.809970934829 0 0.999999999069 0.899997356348
0.9 0.81 0.729 1.0 0.899558458105 0.809990949242 0 0.999999999534 0.899998677755
0.9 0.81 0.729 1.0 0.899558458105 0.809990949242 0 0.999999999534 0.899998677755
0.9 0.81 0.729 1.0 0.899558458105 0.809990949242 0 0.999999999534 0.899998677755
0.9 0.81 0.729 1.0 0.899558458105 0.809990949242 0 0.999999999534 0.899998677755
0.9 0.81 0.729 1.0 0.899558458105 0.809990949242 0 0.999999999534 0.899998677755
0.9 0.81 0.729 1.0 0.899558458105 0.809990949242 0 0.999999999534 0.899998677755
0.9 0.81 0.729 1.0 0.899558458105 0.809994879611 0 0.999999999767 0.899999338668
0.9 0.81 0.729 1.0 0.899558458105 0.809994879611 0 0.999999999767 0.899999338668
0.9 0.81 0.729 1.0 0.899558458105 0.809994879611 0 0.999999999767 0.899999338668
0.9 0.81 0.729 1.0 0.899779228948 0.809994879611 0 0.999999999884 0.899999338668
0.9 0.81 0.729 1.0 0.899779228948 0.809994879611 0 0.999999999884 0.899999338668
0.9 0.81 0.729 1.0 0.899779228948 0.809994879611 0 0.999999999884 0.899999338668
0.9 0.81 0.729 1.0 0.899779228948 0.809994879611 0 0.999999999884 0.899999338668
0.9 0.81 0.729 1.0 0.899779228948 0.809994879611 0 0.999999999884 0.899999338668
0.9 0.81 0.729 1.0 0.899779228948 0.809994879611 0 0.999999999884 0.899999338668
0.9 0.81 0.729 1.0 0.899779228948 0.809994879611 0 0.999999999884 0.899999338668
0.9 0.81 0.729 1.0 0.899779228948 0.809994879611 0 0.999999999884 0.899999338668
0.9 0.81 0.729 1.0 0.899779228948 0.809994879611 0 0.999999999884 0.899999338668
0.9 0.81 0.729 1.0 0.899779228948 0.809994879611 0 0.999999999884 0.899999338668
0.9 0.81 0.729 1.0 0.899779228948 0.809994879611 0 0.999999999884 0.899999338668
0.9 0.81 0.729 1.0 0.899779228948 0.809994879611 0 0.999999999884 0.899999338668
0.9 0.81 0.729 1.0 0.899779228948 0.809994879611 0 0.999999999884 0.899999338668
0.9 0.81 0.729 1.0 0.899779228948 0.809994879611 0 0.999999999884 0.899999338668
0.9 0.81 0.729 1.0 0.899889614421 0.809994879611 0 0.999999999942 0.899999338668
0.9 0.81 0.729 1.0 0.899889614421 0.809994879611 0 0.999999999942 0.899999338668
0.9 0.81 0.729 1.0 0.899889614421 0.809994879611 0 0.999999999942 0.899999338668
0.9 0.81 0.729 1.0 0.899889614421 0.809997142206 0 0.999999999971 0.899999669308
0.9 0.81 0.729 1.0 0.899889614421 0.809997142206 0 0.999999999971 0.899999669308
0.9 0.81 0.729 1.0 0.899889614421 0.809997142206 0 0.999999999971 0.899999669308
0.9 0.81 0.729 1.0 0.899889614421 0.809998422291 0 0.999999999985 0.899999834641
0.9 0.81 0.729 1.0 0.899889614421 0.809998422291 0 0.999999999985 0.899999834641
0.9 0.81 0.729 1.0 0.899889614421 0.809998422291 0 0.999999999985 0.899999834641
0.9 0.81 0.729 1.0 0.899944807204 0.809998422291 0 0.999999999993 0.899999834641
0.9 0.81 0.729 1.0 0.899944807204 0.809999136734 0 0.999999999996 0.899999958655
0.9 0.81 0.729 1.0 0.899944807204 0.809999136734 0 0.999999999996 0.899999958655
0.9 0.81 0.729 1.0 0.899944807204 0.809999136734 0 0.999999999996 0.899999958655
0.9 0.81 0.729 1.0 0.899944807204 0.809999136734 0 0.999999999996 0.899999958655
0.9 0.81 0.729 1.0 0.899944807204 0.809999136734 0 0.999999999996 0.899999958655
0.9 0.81 0.729 1.0 0.899944807204 0.809999136734 0 0.999999999996 0.899999958655
0.9 0.81 0.729 1.0 0.899944807204 0.809999136734 0 0.999999999996 0.899999958655
0.9 0.81 0.729 1.0 0.8999724036 0.809999136734 0 0.999999999998 0.899999958655
0.9 0.81 0.729 1.0 0.8999724036 0.809999136734 0 0.999999999998 0.899999958655
0.9 0.81 0.729 1.0 0.8999724036 0.809999136734 0 0.999999999998 0.899999958655
0.9 0.81 0.729 1.0 0.8999724036 0.809999136734 0 0.999999999998 0.899999958655
0.9 0.81 0.729 1.0 0.8999724036 0.809999136734 0 0.999999999998 0.899999958655
0.9 0.81 0.729 1.0 0.8999724036 0.809999136734 0 0.999999999998 0.899999958655
0.9 0.81 0.729 1.0 0.8999724036 0.809999136734 0 0.999999999998 0.899999958655
0.9 0.81 0.729 1.0 0.8999724036 0.809999136734 0 0.999999999998 0.899999958655
0.9 0.81 0.729 1.0 0.899986201799 0.809999136734 0 0.999999999999 0.899999958655
0.9 0.81 0.729 1.0 0.899986201799 0.809999136734 0 0.999999999999 0.899999958655
0.9 0.81 0.729 1.0 0.899986201799 0.809999136734 0 0.999999999999 0.899999958655
0.9 0.81 0.729 1.0 0.899986201799 0.809999136734 0 0.999999999999 0.899999958655
0.9 0.81 0.729 1.0 0.899986201799 0.809999136734 0 0.999999999999 0.899999958655
0.9 0.81 0.729 1.0 0.899986201799 0.809999136734 0 0.999999999999 0.899999958655
0.9 0.81 0.729 1.0 0.899986201799 0.809999136734 0 0.999999999999 0.899999958655
0.9 0.81 0.729 1.0 0.899986201799 0.809999136734 0 0.999999999999 0.899999958655
0.9 0.81 0.729 1.0 0.899986201799 0.809999136734 0 0.999999999999 0.899999958655
0.9 0.81 0.729 1.0 0.899986201799 0.809999136734 0 0.999999999999 0.899999958655
0.9 0.81 0.729 1.0 0.899986201799 0.809999549762 0 1.0 0.899999979327
0.9 0.81 0.729 1.0 0.899993100899 0.809999549762 0 1.0 0.899999979327
0.9 0.81 0.729 1.0 0.899993100899 0.809999549762 0 1.0 0.899999979327
0.9 0.81 0.729 1.0 0.899993100899 0.809999549762 0 1.0 0.899999979327
0.9 0.81 0.729 1.0 0.899993100899 0.809999549762 0 1.0 0.899999979327
0.9 0.81 0.729 1.0 0.899993100899 0.809999549762 0 1.0 0.899999979327
0.9 0.81 0.729 1.0 0.89999655045 0.809999549762 0 1.0 0.899999979327
0.9 0.81 0.729 1.0 0.89999655045 0.809999549762 0 1.0 0.899999979327
0.9 0.81 0.729 1.0 0.89999655045 0.809999549762 0 1.0 0.899999979327
0.9 0.81 0.729 1.0 0.89999655045 0.809999549762 0 1.0 0.899999979327
0.9 0.81 0.729 1.0 0.89999655045 0.809999549762 0 1.0 0.899999979327
0.9 0.81 0.729 1.0 0.89999655045 0.809999549762 0 1.0 0.899999979327
0.9 0.81 0.729 1.0 0.89999655045 0.809999549762 0 1.0 0.899999979327
0.9 0.81 0.729 1.0 0.89999655045 0.809999549762 0 1.0 0.899999979327
0.9 0.81 0.729 1.0 0.89999655045 0.809999549762 0 1.0 0.899999979327
0.9 0.81 0.729 1.0 0.89999655045 0.809999549762 0 1.0 0.899999979327
0.9 0.81 0.729 1.0 0.89999655045 0.809999549762 0 1.0 0.899999979327
0.9 0.81 0.729 1.0 0.89999655045 0.809999549762 0 1.0 0.899999979327
0.9 0.81 0.729 1.0 0.89999655045 0.809999549762 0 1.0 0.899999979327
0.9 0.81 0.729 1.0 0.899998275225 0.809999549762 0 1.0 0.899999979327
0.9 0.81 0.729 1.0 0.899998275225 0.809999549762 0 1.0 0.899999979327
0.9 0.81 0.729 1.0 0.899999137612 0.809999549762 0 1.0 0.899999979327
0.9 0.81 0.729 1.0 0.899999568806 0.809999549762 0 1.0 0.899999979327
0.9 0.81 0.729 1.0 0.899999568806 0.809999549762 0 1.0 0.899999979327
0.9 0.81 0.729 1.0 0.899999784403 0.809999549762 0 1.0 0.899999979327
0.9 0.81 0.729 1.0 0.899999784403 0.809999549762 0 1.0 0.899999979327
0.9 0.81 0.729 1.0 0.899999784403 0.809999549762 0 1.0 0.899999979327
0.9 0.81 0.729 1.0 0.899999784403 0.809999549762 0 1.0 0.899999979327
0.9 0.81 0.729 1.0 0.899999784403 0.809999549762 0 1.0 0.899999979327
0.9 0.81 0.729 1.0 0.899999784403 0.809999549762 0 1.0 0.899999979327
0.9 0.81 0.729 1.0 0.899999892202 0.809999549762 0 1.0 0.899999979327
0.9 0.81 0.729 1.0 0.899999892202 0.809999549762 0 1.0 0.899999979327
0.9 0.81 0.729 1.0 0.899999892202 0.809999549762 0 1.0 0.899999979327
0.9 0.81 0.729 1.0 0.899999892202 0.809999549762 0 1.0 0.899999979327
0.9 0.81 0.729 1.0 0.899999946101 0.809999549762 0 1.0 0.899999979327
0.9 0.81 0.729 1.0 0.899999946101 0.809999549762 0 1.0 0.899999979327
0.9 0.81 0.729 1.0 0.899999946101 0.809999549762 0 1.0 0.899999979327
0.9 0.81 0.729 1.0 0.899999946101 0.809999765578 0 1.0 0.899999989664
0.9 0.81 0.729 1.0 0.899999946101 0.809999765578 0 1.0 0.899999989664
0.9 0.81 0.729 1.0 0.899999946101 0.809999765578 0 1.0 0.899999989664
0.9 0.81 0.729 1.0 0.899999946101 0.809999765578 0 1.0 0.899999989664
0.9 0.81 0.729 1.0 0.899999946101 0.809999765578 0 1.0 0.899999989664
0.9 0.81 0.729 1.0 0.899999946101 0.809999878138 0 1.0 0.899999994832
0.9 0.81 0.729 1.0 0.899999946101 0.809999878138 0 1.0 0.899999994832
0.9 0.81 0.729 1.0 0.899999946101 0.809999878138 0 1.0 0.899999994832
0.9 0.81 0.729 1.0 0.899999946101 0.809999878138 0 1.0 0.899999994832
0.9 0.81 0.729 1.0 0.899999946101 0.809999878138 0 1.0 0.899999994832
0.9 0.81 0.729 1.0 0.899999946101 0.809999878138 0 1.0 0.899999994832
0.9 0.81 0.729 1.0 0.899999946101 0.809999878138 0 1.0 0.899999994832
0.9 0.81 0.729 1.0 0.899999946101 0.809999878138 0 1.0 0.899999994832
0.9 0.81 0.729 1.0 0.899999946101 0.809999878138 0 1.0 0.899999994832
0.9 0.81 0.729 1.0 0.899999986525 0.809999878138 0 1.0 0.899999994832
0.9 0.81 0.729 1.0 0.899999986525 0.809999878138 0 1.0 0.899999994832
0.9 0.81 0.729 1.0 0.899999986525 0.809999878138 0 1.0 0.899999994832
0.9 0.81 0.729 1.0 0.899999986525 0.809999936743 0 1.0 0.899999997416
0.9 0.81 0.729 1.0 0.899999986525 0.809999936743 0 1.0 0.899999997416
0.9 0.81 0.729 1.0 0.899999986525 0.809999967209 0 1.0 0.899999998708
0.9 0.81 0.729 1.0 0.899999993263 0.809999967209 0 1.0 0.899999998708
0.9 0.81 0.729 1.0 0.899999993263 0.809999967209 0 1.0 0.899999998708
0.9 0.81 0.729 1.0 0.899999993263 0.809999967209 0 1.0 0.899999998708
0.9 0.81 0.729 1.0 0.899999993263 0.809999967209 0 1.0 0.899999998708
0.9 0.81 0.729 1.0 0.899999993263 0.809999967209 0 1.0 0.899999998708
0.9 0.81 0.729 1.0 0.899999993263 0.809999967209 0 1.0 0.899999998708
0.9 0.81 0.729 1.0 0.899999996631 0.809999967209 0 1.0 0.899999998708
0.9 0.81 0.729 1.0 0.899999996631 0.809999967209 0 1.0 0.899999998708
0.9 0.81 0.729 1.0 0.899999996631 0.809999967209 0 1.0 0.899999998708
0.9 0.81 0.729 1.0 0.899999996631 0.809999967209 0 1.0 0.899999998708
0.9 0.81 0.729 1.0 0.899999996631 0.809999983023 0 1.0 0.899999999354
0.9 0.81 0.729 1.0 0.899999996631 0.809999983023 0 1.0 0.899999999354
0.9 0.81 0.729 1.0 0.899999996631 0.809999991221 0 1.0 0.899999999677
0.9 0.81 0.729 1.0 0.899999996631 0.809999991221 0 1.0 0.899999999677
0.9 0.81 0.729 1.0 0.899999996631 0.809999991221 0 1.0 0.899999999677
0.9 0.81 0.729 1.0 0.899999998316 0.809999991221 0 1.0 0.899999999677
0.9 0.81 0.729 1.0 0.899999998316 0.809999991221 0 1.0 0.899999999677
0.9 0.81 0.729 1.0 0.899999998316 0.809999991221 0 1.0 0.899999999677
0.9 0.81 0.729 1.0 0.899999998316 0.809999991221 0 1.0 0.899999999677
0.9 0.81 0.729 1.0 0.899999998316 0.809999995465 0 1.0 0.899999999838
0.9 0.81 0.729 1.0 0.899999998316 0.80999999766 0 1.0 0.899999999919
0.9 0.81 0.729 1.0 0.899999998316 0.80999999766 0 1.0 0.899999999919
0.9 0.81 0.729 1.0 0.899999998316 0.80999999766 0 1.0 0.899999999919
0.9 0.81 0.729 1.0 0.899999998316 0.80999999936 0 1.0 0.89999999996
0.9 0.81 0.729 1.0 0.899999998316 0.80999999936 0 1.0 0.89999999996
0.9 0.81 0.729 1.0 0.899999998316 0.80999999936 0 1.0 0.89999999996
0.9 0.81 0.729 1.0 0.899999998316 0.80999999936 0 1.0 0.89999999996
0.9 0.81 0.729 1.0 0.899999998316 0.809999999662 0 1.0 0.89999999998
0.9 0.81 0.729 1.0 0.899999998316 0.809999999662 0 1.0 0.89999999998
0.9 0.81 0.729 1.0 0.899999998316 0.809999999662 0 1.0 0.89999999998
0.9 0.81 0.729 1.0 0.899999998316 0.809999999662 0 1.0 0.89999999998
0.9 0.81 0.729 1.0 0.899999998316 0.809999999822 0 1.0 0.89999999999
0.9 0.81 0.729 1.0 0.899999998316 0.809999999906 0 1.0 0.899999999995
0.9 0.81 0.729 1.0 0.899999998316 0.809999999951 0 1.0 0.899999999997
0.9 0.81 0.729 1.0 0.899999998316 0.809999999951 0 1.0 0.899999999997
0.9 0.81 0.729 1.0 0.899999998316 0.809999999951 0 1.0 0.899999999997
0.9 0.81 0.729 1.0 0.899999998316 0.809999999951 0 1.0 0.899999999997
0.9 0.81 0.729 1.0 0.899999998316 0.809999999951 0 1.0 0.899999999997
0.9 0.81 0.729 1.0 0.899999998316 0.809999999951 0 1.0 0.899999999997
0.9 0.81 0.729 1.0 0.899999998316 0.809999999974 0 1.0 0.899999999999
0.9 0.81 0.729 1.0 0.899999998316 0.809999999974 0 1.0 0.899999999999
0.9 0.81 0.729 1.0 0.899999998316 0.809999999974 0 1.0 0.899999999999
0.9 0.81 0.729 1.0 0.899999998316 0.809999999974 0 1.0 0.899999999999
0.9 0.81 0.729 1.0 0.899999998316 0.809999999974 0 1.0 0.899999999999
0.9 0.81 0.729 1.0 0.899999998316 0.809999999974 0 1.0 0.899999999999
0.9 0.81 0.729 1.0 0.899999998316 0.809999999974 0 1.0 0.899999999999
0.9 0.81 0.729 1.0 0.899999998316 0.809999999974 0 1.0 0.899999999999
0.9 0.81 0.729 1.0 0.899999998316 0.809999999974 0 1.0 0.899999999999
0.9 0.81 0.729 1.0 0.899999998316 0.809999999974 0 1.0 0.899999999999
0.9 0.81 0.729 1.0 0.899999999158 0.809999999974 0 1.0 0.899999999999
0.9 0.81 0.729 1.0 0.899999999158 0.809999999974 0 1.0 0.899999999999
0.9 0.81 0.729 1.0 0.899999999158 0.809999999974 0 1.0 0.899999999999
0.9 0.81 0.729 1.0 0.899999999158 0.809999999974 0 1.0 0.899999999999
0.9 0.81 0.729 1.0 0.899999999158 0.809999999974 0 1.0 0.899999999999
0.9 0.81 0.729 1.0 0.899999999158 0.809999999974 0 1.0 0.899999999999
0.9 0.81 0.729 1.0 0.899999999158 0.809999999974 0 1.0 0.899999999999
0.9 0.81 0.729 1.0 0.899999999158 0.809999999974 0 1.0 0.899999999999
0.9 0.81 0.729 1.0 0.899999999158 0.809999999974 0 1.0 0.899999999999
0.9 0.81 0.729 1.0 0.899999999579 0.809999999974 0 1.0 0.899999999999
0.9 0.81 0.729 1.0 0.899999999579 0.809999999974 0 1.0 0.899999999999
0.9 0.81 0.729 1.0 0.899999999579 0.809999999974 0 1.0 0.899999999999
0.9 0.81 0.729 1.0 0.899999999579 0.809999999974 0 1.0 0.899999999999
0.9 0.81 0.729 1.0 0.899999999579 0.809999999974 0 1.0 0.899999999999
0.9 0.81 0.729 1.0 0.899999999579 0.809999999974 0 1.0 0.899999999999
0.9 0.81 0.729 1.0 0.899999999579 0.809999999974 0 1.0 0.899999999999
0.9 0.81 0.729 1.0 0.899999999579 0.809999999974 0 1.0 0.899999999999
0.9 0.81 0.729 1.0 0.899999999579 0.809999999974 0 1.0 0.899999999999
0.9 0.81 0.729 1.0 0.899999999579 0.809999999974 0 1.0 0.899999999999
0.9 0.81 0.729 1.0 0.899999999579 0.809999999974 0 1.0 0.899999999999
0.9 0.81 0.729 1.0 0.899999999579 0.809999999974 0 1.0 0.899999999999
0.9 0.81 0.729 1.0 0.899999999579 0.809999999974 0 1.0 0.899999999999
0.9 0.81 0.729 1.0 0.899999999579 0.809999999974 0 1.0 0.899999999999
0.9 0.81 0.729 1.0 0.899999999579 0.809999999974 0 1.0 0.899999999999
0.9 0.81 0.729 1.0 0.899999999579 0.809999999974 0 1.0 0.899999999999
0.9 0.81 0.729 1.0 0.899999999579 0.809999999974 0 1.0 0.899999999999
0.9 0.81 0.729 1.0 0.899999999579 0.809999999974 0 1.0 0.899999999999
0.9 0.81 0.729 1.0 0.899999999579 0.809999999987 0 1.0 0.899999999999
0.9 0.81 0.729 1.0 0.899999999579 0.809999999993 0 1.0 0.9
0.9 0.81 0.729 1.0 0.899999999579 0.809999999993 0 1.0 0.9
0.9 0.81 0.729 1.0 0.899999999579 0.809999999993 0 1.0 0.9
0.9 0.81 0.729 1.0 0.899999999579 0.809999999993 0 1.0 0.9
0.9 0.81 0.729 1.0 0.899999999579 0.809999999993 0 1.0 0.9
0.9 0.81 0.729 1.0 0.899999999579 0.809999999996 0 1.0 0.9
0.9 0.81 0.729 1.0 0.899999999579 0.809999999996 0 1.0 0.9
0.9 0.81 0.729 1.0 0.899999999579 0.809999999996 0 1.0 0.9
0.9 0.81 0.729 1.0 0.899999999579 0.809999999998 0 1.0 0.9
0.9 0.81 0.729 1.0 0.899999999789 0.809999999998 0 1.0 0.9
0.9 0.81 0.729 1.0 0.899999999789 0.809999999998 0 1.0 0.9
0.9 0.81 0.729 1.0 0.899999999789 0.809999999998 0 1.0 0.9
0.9 0.81 0.729 1.0 0.899999999789 0.809999999999 0 1.0 0.9
0.9 0.81 0.729 1.0 0.899999999789 0.809999999999 0 1.0 0.9
0.9 0.81 0.729 1.0 0.899999999789 0.809999999999 0 1.0 0.9
0.9 0.81 0.729 1.0 0.899999999789 0.809999999999 0 1.0 0.9
0.9 0.81 0.729 1.0 0.899999999789 0.809999999999 0 1.0 0.9
0.9 0.81 0.729 1.0 0.899999999789 0.809999999999 0 1.0 0.9
0.9 0.81 0.729 1.0 0.899999999789 0.809999999999 0 1.0 0.9
0.9 0.81 0.729 1.0 0.899999999789 0.809999999999 0 1.0 0.9
0.9 0.81 0.729 1.0 0.899999999789 0.809999999999 0 1.0 0.9
0.9 0.81 0.729 1.0 0.899999999789 0.809999999999 0 1.0 0.9
0.9 0.81 0.729 1.0 0.899999999789 0.809999999999 0 1.0 0.9
0.9 0.81 0.729 1.0 0.899999999789 0.81 0 1.0 0.9
0.9 0.81 0.729 1.0 0.899999999789 0.81 0 1.0 0.9
0.9 0.81 0.729 1.0 0.899999999789 0.81 0 1.0 0.9
0.9 0.81 0.729 1.0 0.899999999789 0.81 0 1.0 0.9
0.9 0.81 0.729 1.0 0.899999999789 0.81 0 1.0 0.9
0.9 0.81 0.729 1.0 0.899999999789 0.81 0 1.0 0.9
0.9 0.81 0.729 1.0 0.899999999789 0.81 0 1.0 0.9
0.9 0.81 0.729 1.0 0.899999999789 0.81 0 1.0 0.9
0.9 0.81 0.729 1.0 0.899999999789 0.81 0 1.0 0.9
0.9 0.81 0.729 1.0 0.899999999789 0.81 0 1.0 0.9
0.9 0.81 0.729 1.0 0.899999999789 0.81 0 1.0 0.9
0.9 0.81 0.729 1.0 0.899999999789 0.81 0 1.0 0.9
0.9 0.81 0.729 1.0 0.899999999789 0.81 0 1.0 0.9
0.9 0.81 0.729 1.0 0.899999999789 0.81 0 1.0 0.9
0.9 0.81 0.729 1.0 0.899999999789 0.81 0 1.0 0.9
0.9 0.81 0.729 1.0 0.899999999895 0.81 0 1.0 0.9
0.9 0.81 0.729 1.0 0.899999999895 0.81 0 1.0 0.9
0.9 0.81 0.729 1.0 0.899999999895 0.81 0 1.0 0.9
0.9 0.81 0.729 1.0 0.899999999895 0.81 0 1.0 0.9
0.9 0.81 0.729 1.0 0.899999999895 0.81 0 1.0 0.9
0.9 0.81 0.729 1.0 0.899999999895 0.81 0 1.0 0.9
0.9 0.81 0.729 1.0 0.899999999895 0.81 0 1.0 0.9
0.9 0.81 0.729 1.0 0.899999999895 0.81 0 1.0 0.9
0.9 0.81 0.729 1.0 0.899999999895 0.81 0 1.0 0.9
0.9 0.81 0.729 1.0 0.899999999895 0.81 0 1.0 0.9
0.9 0.81 0.729 1.0 0.899999999895 0.81 0 1.0 0.9
0.9 0.81 0.729 1.0 0.899999999895 0.81 0 1.0 0.9
0.9 0.81 0.729 1.0 0.899999999947 0.81 0 1.0 0.9
0.9 0.81 0.729 1.0 0.899999999947 0.81 0 1.0 0.9
0.9 0.81 0.729 1.0 0.899999999947 0.81 0 1.0 0.9
0.9 0.81 0.729 1.0 0.899999999947 0.81 0 1.0 0.9
0.9 0.81 0.729 1.0 0.899999999947 0.81 0 1.0 0.9
0.9 0.81 0.729 1.0 0.899999999947 0.81 0 1.0 0.9
0.9 0.81 0.729 1.0 0.899999999947 0.81 0 1.0 0.9
0.9 0.81 0.729 1.0 0.899999999947 0.81 0 1.0 0.9
0.9 0.81 0.729 1.0 0.899999999974 0.81 0 1.0 0.9
0.9 0.81 0.729 1.0 0.899999999974 0.81 0 1.0 0.9
0.9 0.81 0.729 1.0 0.899999999987 0.81 0 1.0 0.9
0.9 0.81 0.729 1.0 0.899999999987 0.81 0 1.0 0.9
0.9 0.81 0.729 1.0 0.899999999993 0.81 0 1.0 0.9
0.9 0.81 0.729 1.0 0.899999999997 0.81 0 1.0 0.9
0.9 0.81 0.729 1.0 0.899999999997 0.81 0 1.0 0.9
0.9 0.81 0.729 1.0 0.899999999997 0.81 0 1.0 0.9
0.9 0.81 0.729 1.0 0.899999999998 0.81 0 1.0 0.9
0.9 0.81 0.729 1.0 0.899999999998 0.81 0 1.0 0.9
0.9 0.81 0.729 1.0 0.899999999998 0.81 0 1.0 0.9
0.9 0.81 0.729 1.0 0.899999999998 0.81 0 1.0 0.9
0.9 0.81 0.729 1.0 0.899999999998 0.81 0 1.0 0.9
0.9 0.81 0.729 1.0 0.899999999998 0.81 0 1.0 0.9
0.9 0.81 0.729 1.0 0.899999999998 0.81 0 1.0 0.9
0.9 0.81 0.729 1.0 0.899999999998 0.81 0 1.0 0.9
0.9 0.81 0.729 1.0 0.899999999998 0.81 0 1.0 0.9
0.9 0.81 0.729 1.0 0.899999999998 0.81 0 1.0 0.9
0.9 0.81 0.729 1.0 0.899999999998 0.81 0 1.0 0.9
0.9 0.81 0.729 1.0 0.899999999998 0.81 0 1.0 0.9
0.9 0.81 0.729 1.0 0.899999999998 0.81 0 1.0 0.9
0.9 0.81 0.729 1.0 0.899999999998 0.81 0 1.0 0.9
0.9 0.81 0.729 1.0 0.899999999998 0.81 0 1.0 0.9
0.9 0.81 0.729 1.0 0.899999999998 0.81 0 1.0 0.9
0.9 0.81 0.729 1.0 0.899999999998 0.81 0 1.0 0.9
0.9 0.81 0.729 1.0 0.899999999998 0.81 0 1.0 0.9
0.9 0.81 0.729 1.0 0.899999999999 0.81 0 1.0 0.9
0.9 0.81 0.729 1.0 0.899999999999 0.81 0 1.0 0.9
0.9 0.81 0.729 1.0 0.899999999999 0.81 0 1.0 0.9
0.9 0.81 0.729 1.0 0.899999999999 0.81 0 1.0 0.9
0.9 0.81 0.729 1.0 0.9 0.81 0 1.0 0.9
0.9 0.81 0.729 1.0 0.9 0.81 0 1.0 0.9
0.9 0.81 0.729 1.0 0.9 0.81 0 1.0 0.9
0.9 0.81 0.729 1.0 0.9 0.81 0 1.0 0.9
0.9 0.81 0.729 1.0 0.9 0.81 0 1.0 0.9
0.9 0.81 0.729 1.0 0.9 0.81 0 1.0 0.9
0.9 0.81 0.729 1.0 0.9 0.81 0 1.0 0.9
0.9 0.81 0.729 1.0 0.9 0.81 0 1.0 0.9
0.9 0.81 0.729 1.0 0.9 0.81 0 1.0 0.9
0.9 0.81 0.729 1.0 0.9 0.81 0 1.0 0.9
0.9 0.81 0.729 1.0 0.9 0.81 0 1.0 0.9
0.9 0.81 0.729 1.0 0.9 0.81 0 1.0 0.9
0.9 0.81 0.729 1.0 0.9 0.81 0 1.0 0.9
0.9 0.81 0.729 1.0 0.9 0.81 0 1.0 0.9
0.9 0.81 0.729 1.0 0.9 0.81 0 1.0 0.9
0.9 0.81 0.729 1.0 0.9 0.81 0 1.0 0.9
0.9 0.81 0.729 1.0 0.9 0.81 0 1.0 0.9
0.9 0.81 0.729 1.0 0.9 0.81 0 1.0 0.9
0.9 0.81 0.729 1.0 0.9 0.81 0 1.0 0.9
0.9 0.81 0.729 1.0 0.9 0.81 0 1.0 0.9
0.9 0.81 0.729 1.0 0.9 0.81 0 1.0 0.9
0.9 0.81 0.729 1.0 0.9 0.81 0 1.0 0.9
0.9 0.81 0.729 1.0 0.9 0.81 0 1.0 0.9
0.9 0.81 0.729 1.0 0.9 0.81 0 1.0 0.9
0.9 0.81 0.729 1.0 0.9 0.81 0 1.0 0.9
0.9 0.81 0.729 1.0 0.9 0.81 0 1.0 0.9
0.9 0.81 0.729 1.0 0.9 0.81 0 1.0 0.9
0.9 0.81 0.729 1.0 0.9 0.81 0 1.0 0.9
0.9 0.81 0.729 1.0 0.9 0.81 0 1.0 0.9
0.9 0.81 0.729 1.0 0.9 0.81 0 1.0 0.9
0.9 0.81 0.729 1.0 0.9 0.81 0 1.0 0.9
0.9 0.81 0.729 1.0 0.9 0.81 0 1.0 0.9
0.9 0.81 0.729 1.0 0.9 0.81 0 1.0 0.9
0.9 0.81 0.729 1.0 0.9 0.81 0 1.0 0.9
0.9 0.81 0.729 1.0 0.9 0.81 0 1.0 0.9
0.9 0.81 0.729 1.0 0.9 0.81 0 1.0 0.9
0.9 0.81 0.729 1.0 0.9 0.81 0 1.0 0.9
0.9 0.81 0.729 1.0 0.9 0.81 0 1.0 0.9
0.9 0.81 0.729 1.0 0.9 0.81 0 1.0 0.9
0.9 0.81 0.729 1.0 0.9 0.81 0 1.0 0.9
0.9 0.81 0.729 1.0 0.9 0.81 0 1.0 0.9
0.9 0.81 0.729 1.0 0.9 0.81 0 1.0 0.9
0.9 0.81 0.729 1.0 0.9 0.81 0 1.0 0.9
0.9 0.81 0.729 1.0 0.9 0.81 0 1.0 0.9
0.9 0.81 0.729 1.0 0.9 0.81 0 1.0 0.9
0.9 0.81 0.729 1.0 0.9 0.81 0 1.0 0.9
0.9 0.81 0.729 1.0 0.9 0.81 0 1.0 0.9
0.9 0.81 0.729 1.0 0.9 0.81 0 1.0 0.9
0.9 0.81 0.729 1.0 0.9 0.81 0 1.0 0.9
0.9 0.81 0.729 1.0 0.9 0.81 0 1.0 0.9
0.9 0.81 0.729 1.0 0.9 0.81 0 1.0 0.9
0.9 0.81 0.729 1.0 0.9 0.81 0 1.0 0.9
0.9 0.81 0.729 1.0 0.9 0.81 0 1.0 0.9
0.9 0.81 0.729 1.0 0.9 0.81 0 1.0 0.9
0.9 0.81 0.729 1.0 0.9 0.81 0 1.0 0.9
0.9 0.81 0.729 1.0 0.9 0.81 0 1.0 0.9
0.9 0.81 0.729 1.0 0.9 0.81 0 1.0 0.9
0.9 0.81 0.729 1.0 0.9 0.81 0 1.0 0.9
0.9 0.81 0.729 1.0 0.9 0.81 0 1.0 0.9
0.9 0.81 0.729 1.0 0.9 0.81 0 1.0 0.9
0.9 0.81 0.729 1.0 0.9 0.81 0 1.0 0.9
0.9 0.81 0.729 1.0 0.9 0.81 0 1.0 0.9
0.9 0.81 0.729 1.0 0.9 0.81 0 1.0 0.9
0.9 0.81 0.729 1.0 0.9 0.81 0 1.0 0.9
0.9 0.81 0.729 1.0 0.9 0.81 0 1.0 0.9
0.9 0.81 0.729 1.0 0.9 0.81 0 1.0 0.9
0.9 0.81 0.729 1.0 0.9 0.81 0 1.0 0.9
0.9 0.81 0.729 1.0 0.9 0.81 0 1.0 0.9
0.9 0.81 0.729 1.0 0.9 0.81 0 1.0 0.9
0.9 0.81 0.729 1.0 0.9 0.81 0 1.0 0.9
0.9 0.81 0.729 1.0 0.9 0.81 0 1.0 0.9
0.9 0.81 0.729 1.0 0.9 0.81 0 1.0 0.9
0.9 0.81 0.729 1.0 0.9 0.81 0 1.0 0.9
0.9 0.81 0.729 1.0 0.9 0.81 0 1.0 0.9
0.9 0.81 0.729 1.0 0.9 0.81 0 1.0 0.9
0.9 0.81 0.729 1.0 0.9 0.81 0 1.0 0.9
0.9 0.81 0.729 1.0 0.9 0.81 0 1.0 0.9
0.9 0.81 0.729 1.0 0.9 0.81 0 1.0 0.9
0.9 0.81 0.729 1.0 0.9 0.81 0 1.0 0.9
0.9 0.81 0.729 1.0 0.9 0.81 0 1.0 0.9
0.9 0.81 0.729 1.0 0.9 0.81 0 1.0 0.9
0.9 0.81 0.729 1.0 0.9 0.81 0 1.0 0.9
0.9 0.81 0.729 1.0 0.9 0.81 0 1.0 0.9
0.9 0.81 0.729 1.0 0.9 0.81 0 1.0 0.9
0.9 0.81 0.729 1.0 0.9 0.81 0 1.0 0.9
0.9 0.81 0.729 1.0 0.9 0.81 0 1.0 0.9
0.9 0.81 0.729 1.0 0.9 0.81 0 1.0 0.9
0.9 0.81 0.729 1.0 0.9 0.81 0 1.0 0.9
0.9 0.81 0.729 1.0 0.9 0.81 0 1.0 0.9
0.9 0.81 0.729 1.0 0.9 0.81 0 1.0 0.9
0.9 0.81 0.729 1.0 0.9 0.81 0 1.0 0.9
0.9 0.81 0.729 1.0 0.9 0.81 0 1.0 0.9
0.9 0.81 0.729 1.0 0.9 0.81 0 1.0 0.9
0.9 0.81 0.729 1.0 0.9 0.81 0 1.0 0.9
0.9 0.81 0.729 1.0 0.9 0.81 0 1.0 0.9
0.9 0.81 0.729 1.0 0.9 0.81 0 1.0 0.9
0.9 0.81 0.729 1.0 0.9 0.81 0 1.0 0.9
0.9 0.81 0.729 1.0 0.9 0.81 0 1.0 0.9
0.9 0.81 0.729 1.0 0.9 0.81 0 1.0 0.9
0.9 0.81 0.729 1.0 0.9 0.81 0 1.0 0.9
0.9 0.81 0.729 1.0 0.9 0.81 0 1.0 0.9
0.9 0.81 0.729 1.0 0.9 0.81 0 1.0 0.9
0.9 0.81 0.729 1.0 0.9 0.81 0 1.0 0.9
0.9 0.81 0.729 1.0 0.9 0.81 0 1.0 0.9
0.9 0.81 0.729 1.0 0.9 0.81 0 1.0 0.9
0.9 0.81 0.729 1.0 0.9 0.81 0 1.0 0.9
0.9 0.81 0.729 1.0 0.9 0.81 0 1.0 0.9
0.9 0.81 0.729 1.0 0.9 0.81 0 1.0 0.9
0.9 0.81 0.729 1.0 0.9 0.81 0 1.0 0.9
0.9 0.81 0.729 1.0 0.9 0.81 0 1.0 0.9
0.9 0.81 0.729 1.0 0.9 0.81 0 1.0 0.9
0.9 0.81 0.729 1.0 0.9 0.81 0 1.0 0.9
0.9 0.81 0.729 1.0 0.9 0.81 0 1.0 0.9
0.9 0.81 0.729 1.0 0.9 0.81 0 1.0 0.9
0.9 0.81 0.729 1.0 0.9 0.81 0 1.0 0.9
0.9 0.81 0.729 1.0 0.9 0.81 0 1.0 0.9
0.9 0.81 0.729 1.0 0.9 0.81 0 1.0 0.9
0.9 0.81 0.729 1.0 0.9 0.81 0 1.0 0.9
0.9 0.81 0.729 1.0 0.9 0.81 0 1.0 0.9
0.9 0.81 0.729 1.0 0.9 0.81 0 1.0 0.9
0.9 0.81 0.729 1.0 0.9 0.81 0 1.0 0.9
0.9 0.81 0.729 1.0 0.9 0.81 0 1.0 0.9
0.9 0.81 0.729 1.0 0.9 0.81 0 1.0 0.9
0.9 0.81 0.729 1.0 0.9 0.81 0 1.0 0.9
0.9 0.81 0.729 1.0 0.9 0.81 0 1.0 0.9
0.9 0.81 0.729 1.0 0.9 0.81 0 1.0 0.9
0.9 0.81 0.729 1.0 0.9 0.81 0 1.0 0.9
0.9 0.81 0.729 1.0 0.9 0.81 0 1.0 0.9
0.9 0.81 0.729 1.0 0.9 0.81 0 1.0 0.9
0.9 0.81 0.729 1.0 0.9 0.81 0 1.0 0.9
0.9 0.81 0.729 1.0 0.9 0.81 0 1.0 0.9
0.9 0.81 0.729 1.0 0.9 0.81 0 1.0 0.9
0.9 0.81 0.729 1.0 0.9 0.81 0 1.0 0.9
0.9 0.81 0.729 1.0 0.9 0.81 0 1.0 0.9
0.9 0.81 0.729 1.0 0.9 0.81 0 1.0 0.9
0.9 0.81 0.729 1.0 0.9 0.81 0 1.0 0.9
0.9 0.81 0.729 1.0 0.9 0.81 0 1.0 0.9
0.9 0.81 0.729 1.0 0.9 0.81 0 1.0 0.9
0.9 0.81 0.729 1.0 0.9 0.81 0 1.0 0.9
0.9 0.81 0.729 1.0 0.9 0.81 0 1.0 0.9
0.9 0.81 0.729 1.0 0.9 0.81 0 1.0 0.9
0.9 0.81 0.729 1.0 0.9 0.81 0 1.0 0.9
0.9 0.81 0.729 1.0 0.9 0.81 0 1.0 0.9
0.9 0.81 0.729 1.0 0.9 0.81 0 1.0 0.9
0.9 0.81 0.729 1.0 0.9 0.81 0 1.0 0.9
0.9 0.81 0.729 1.0 0.9 0.81 0 1.0 0.9
0.9 0.81 0.729 1.0 0.9 0.81 0 1.0 0.9
0.9 0.81 0.729 1.0 0.9 0.81 0 1.0 0.9
0.9 0.81 0.729 1.0 0.9 0.81 0 1.0 0.9
0.9 0.81 0.729 1.0 0.9 0.81 0 1.0 0.9
0.9 0.81 0.729 1.0 0.9 0.81 0 1.0 0.9
0.9 0.81 0.729 1.0 0.9 0.81 0 1.0 0.9
0.9 0.81 0.729 1.0 0.9 0.81 0 1.0 0.9
0.9 0.81 0.729 1.0 0.9 0.81 0 1.0 0.9
0.9 0.81 0.729 1.0 0.9 0.81 0 1.0 0.9
0.9 0.81 0.729 1.0 0.9 0.81 0 1.0 0.9
0.9 0.81 0.729 1.0 0.9 0.81 0 1.0 0.9
0.9 0.81 0.729 1.0 0.9 0.81 0 1.0 0.9
0.9 0.81 0.729 1.0 0.9 0.81 0 1.0 0.9
0.9 0.81 0.729 1.0 0.9 0.81 0 1.0 0.9
0.9 0.81 0.729 1.0 0.9 0.81 0 1.0 0.9
0.9 0.81 0.729 1.0 0.9 0.81 0 1.0 0.9
0.9 0.81 0.729 1.0 0.9 0.81 0 1.0 0.9
0.9 0.81 0.729 1.0 0.9 0.81 0 1.0 0.9
0.9 0.81 0.729 1.0 0.9 0.81 0 1.0 0.9
0.9 0.81 0.729 1.0 0.9 0.81 0 1.0 0.9
0.9 0.81 0.729 1.0 0.9 0.81 0 1.0 0.9
0.9 0.81 0.729 1.0 0.9 0.81 0 1.0 0.9
0.9 0.81 0.729 1.0 0.9 0.81 0 1.0 0.9
0.9 0.81 0.729 1.0 0.9 0.81 0 1.0 0.9
0.9 0.81 0.729 1.0 0.9 0.81 0 1.0 0.9
0.9 0.81 0.729 1.0 0.9 0.81 0 1.0 0.9
0.9 0.81 0.729 1.0 0.9 0.81 0 1.0 0.9
0.9 0.81 0.729 1.0 0.9 0.81 0 1.0 0.9
0.9 0.81 0.729 1.0 0.9 0.81 0 1.0 0.9
0.9 0.81 0.729 1.0 0.9 0.81 0 1.0 0.9
0.9 0.81 0.729 1.0 0.9 0.81 0 1.0 0.9
0.9 0.81 0.729 1.0 0.9 0.81 0 1.0 0.9
0.9 0.81 0.729 1.0 0.9 0.81 0 1.0 0.9
0.9 0.81 0.729 1.0 0.9 0.81 0 1.0 0.9
0.9 0.81 0.729 1.0 0.9 0.81 0 1.0 0.9
0.9 0.81 0.729 1.0 0.9 0.81 0 1.0 0.9
0.9 0.81 0.729 1.0 0.9 0.81 0 1.0 0.9
0.9 0.81 0.729 1.0 0.9 0.81 0 1.0 0.9
0.9 0.81 0.729 1.0 0.9 0.81 0 1.0 0.9
0.9 0.81 0.729 1.0 0.9 0.81 0 1.0 0.9
0.9 0.81 0.729 1.0 0.9 0.81 0 1.0 0.9
0.9 0.81 0.729 1.0 0.9 0.81 0 1.0 0.9
0.9 0.81 0.729 1.0 0.9 0.81 0 1.0 0.9
0.9 0.81 0.729 1.0 0.9 0.81 0 1.0 0.9
0.9 0.81 0.729 1.0 0.9 0.81 0 1.0 0.9
0.9 0.81 0.729 1.0 0.9 0.81 0 1.0 0.9
0.9 0.81 0.729 1.0 0.9 0.81 0 1.0 0.9
0.9 0.81 0.729 1.0 0.9 0.81 0 1.0 0.9
0.9 0.81 0.729 1.0 0.9 0.81 0 1.0 0.9
0.9 0.81 0.729 1.0 0.9 0.81 0 1.0 0.9
0.9 0.81 0.729 1.0 0.9 0.81 0 1.0 0.9
0.9 0.81 0.729 1.0 0.9 0.81 0 1.0 0.9
0.9 0.81 0.729 1.0 0.9 0.81 0 1.0 0.9
0.9 0.81 0.729 1.0 0.9 0.81 0 1.0 0.9
0.9 0.81 0.729 1.0 0.9 0.81 0 1.0 0.9
0.9 0.81 0.729 1.0 0.9 0.81 0 1.0 0.9
0.9 0.81 0.729 1.0 0.9 0.81 0 1.0 0.9
0.9 0.81 0.729 1.0 0.9 0.81 0 1.0 0.9
0.9 0.81 0.729 1.0 0.9 0.81 0 1.0 0.9
0.9 0.81 0.729 1.0 0.9 0.81 0 1.0 0.9
0.9 0.81 0.729 1.0 0.9 0.81 0 1.0 0.9
0.9 0.81 0.729 1.0 0.9 0.81 0 1.0 0.9
0.9 0.81 0.729 1.0 0.9 0.81 0 1.0 0.9
0.9 0.81 0.729 1.0 0.9 0.81 0 1.0 0.9
0.9 0.81 0.729 1.0 0.9 0.81 0 1.0 0.9
0.9 0.81 0.729 1.0 0.9 0.81 0 1.0 0.9
0.9 0.81 0.729 1.0 0.9 0.81 0 1.0 0.9
0.9 0.81 0.729 1.0 0.9 0.81 0 1.0 0.9
0.9 0.81 0.729 1.0 0.9 0.81 0 1.0 0.9
0.9 0.81 0.729 1.0 0.9 0.81 0 1.0 0.9
0.9 0.81 0.729 1.0 0.9 0.81 0 1.0 0.9
0.9 0.81 0.729 1.0 0.9 0.81 0 1.0 0.9
0.9 0.81 0.729 1.0 0.9 0.81 0 1.0 0.9
0.9 0.81 0.729 1.0 0.9 0.81 0 1.0 0.9
0.9 0.81 0.729 1.0 0.9 0.81 0 1.0 0.9
0.9 0.81 0.729 1.0 0.9 0.81 0 1.0 0.9
0.9 0.81 0.729 1.0 0.9 0.81 0 1.0 0.9
0.9 0.81 0.729 1.0 0.9 0.81 0 1.0 0.9
0.9 0.81 0.729 1.0 0.9 0.81 0 1.0 0.9
0.9 0.81 0.729 1.0 0.9 0.81 0 1.0 0.9
0.9 0.81 0.729 1.0 0.9 0.81 0 1.0 0.9
0.9 0.81 0.729 1.0 0.9 0.81 0 1.0 0.9
0.9 0.81 0.729 1.0 0.9 0.81 0 1.0 0.9
0.9 0.81 0.729 1.0 0.9 0.81 0 1.0 0.9
0.9 0.81 0.729 1.0 0.9 0.81 0 1.0 0.9
0.9 0.81 0.729 1.0 0.9 0.81 0 1.0 0.9
0.9 0.81 0.729 1.0 0.9 0.81 0 1.0 0.9
0.9 0.81 0.729 1.0 0.9 0.81 0 1.0 0.9
0.9 0.81 0.729 1.0 0.9 0.81 0 1.0 0.9
0.9 0.81 0.729 1.0 0.9 0.81 0 1.0 0.9
0.9 0.81 0.729 1.0 0.9 0.81 0 1.0 0.9
0.9 0.81 0.729 1.0 0.9 0.81 0 1.0 0.9
0.9 0.81 0.729 1.0 0.9 0.81 0 1.0 0.9
0.9 0.81 0.729 1.0 0.9 0.81 0 1.0 0.9
0.9 0.81 0.729 1.0 0.9 0.81 0 1.0 0.9
0.9 0.81 0.729 1.0 0.9 0.81 0 1.0 0.9
0.9 0.81 0.729 1.0 0.9 0.81 0 1.0 0.9
0.9 0.81 0.729 1.0 0.9 0.81 0 1.0 0.9
0.9 0.81 0.729 1.0 0.9 0.81 0 1.0 0.9
0.9 0.81 0.729 1.0 0.9 0.81 0 1.0 0.9
0.9 0.81 0.729 1.0 0.9 0.81 0 1.0 0.9
0.9 0.81 0.729 1.0 0.9 0.81 0 1.0 0.9
0.9 0.81 0.729 1.0 0.9 0.81 0 1.0 0.9
0.9 0.81 0.729 1.0 0.9 0.81 0 1.0 0.9
0.9 0.81 0.729 1.0 0.9 0.81 0 1.0 0.9
0.9 0.81 0.729 1.0 0.9 0.81 0 1.0 0.9
0.9 0.81 0.729 1.0 0.9 0.81 0 1.0 0.9
0.9 0.81 0.729 1.0 0.9 0.81 0 1.0 0.9
0.9 0.81 0.729 1.0 0.9 0.81 0 1.0 0.9
0.9 0.81 0.729 1.0 0.9 0.81 0 1.0 0.9
0.9 0.81 0.729 1.0 0.9 0.81 0 1.0 0.9
0.9 0.81 0.729 1.0 0.9 0.81 0 1.0 0.9
0.9 0.81 0.729 1.0 0.9 0.81 0 1.0 0.9
0.9 0.81 0.729 1.0 0.9 0.81 0 1.0 0.9
0.9 0.81 0.729 1.0 0.9 0.81 0 1.0 0.9
0.9 0.81 0.729 1.0 0.9 0.81 0 1.0 0.9
0.9 0.81 0.729 1.0 0.9 0.81 0 1.0 0.9
0.9 0.81 0.729 1.0 0.9 0.81 0 1.0 0.9
0.9 0.81 0.729 1.0 0.9 0.81 0 1.0 0.9
0.9 0.81 0.729 1.0 0.9 0.81 0 1.0 0.9
0.9 0.81 0.729 1.0 0.9 0.81 0 1.0 0.9
0.9 0.81 0.729 1.0 0.9 0.81 0 1.0 0.9
0.9 0.81 0.729 1.0 0.9 0.81 0 1.0 0.9
0.9 0.81 0.729 1.0 0.9 0.81 0 1.0 0.9
0.9 0.81 0.729 1.0 0.9 0.81 0 1.0 0.9
0.9 0.81 0.729 1.0 0.9 0.81 0 1.0 0.9
0.9 0.81 0.729 1.0 0.9 0.81 0 1.0 0.9
0.9 0.81 0.729 1.0 0.9 0.81 0 1.0 0.9
0.9 0.81 0.729 1.0 0.9 0.81 0 1.0 0.9
0.9 0.81 0.729 1.0 0.9 0.81 0 1.0 0.9
0.9 0.81 0.729 1.0 0.9 0.81 0 1.0 0.9
0.9 0.81 0.729 1.0 0.9 0.81 0 1.0 0.9
0.9 0.81 0.729 1.0 0.9 0.81 0 1.0 0.9
0.9 0.81 0.729 1.0 0.9 0.81 0 1.0 0.9
0.9 0.81 0.729 1.0 0.9 0.81 0 1.0 0.9
0.9 0.81 0.729 1.0 0.9 0.81 0 1.0 0.9
0.9 0.81 0.729 1.0 0.9 0.81 0 1.0 0.9
0.9 0.81 0.729 1.0 0.9 0.81 0 1.0 0.9
0.9 0.81 0.729 1.0 0.9 0.81 0 1.0 0.9
0.9 0.81 0.729 1.0 0.9 0.81 0 1.0 0.9
0.9 0.81 0.729 1.0 0.9 0.81 0 1.0 0.9
0.9 0.81 0.729 1.0 0.9 0.81 0 1.0 0.9
0.9 0.81 0.729 1.0 0.9 0.81 0 1.0 0.9
0.9 0.81 0.729 1.0 0.9 0.81 0 1.0 0.9
0.9 0.81 0.729 1.0 0.9 0.81 0 1.0 0.9
0.9 0.81 0.729 1.0 0.9 0.81 0 1.0 0.9
0.9 0.81 0.729 1.0 0.9 0.81 0 1.0 0.9
0.9 0.81 0.729 1.0 0.9 0.81 0 1.0 0.9
0.9 0.81 0.729 1.0 0.9 0.81 0 1.0 0.9
0.9 0.81 0.729 1.0 0.9 0.81 0 1.0 0.9
0.9 0.81 0.729 1.0 0.9 0.81 0 1.0 0.9
0.9 0.81 0.729 1.0 0.9 0.81 0 1.0 0.9
0.9 0.81 0.729 1.0 0.9 0.81 0 1.0 0.9
0.9 0.81 0.729 1.0 0.9 0.81 0 1.0 0.9
0.9 0.81 0.729 1.0 0.9 0.81 0 1.0 0.9
0.9 0.81 0.729 1.0 0.9 0.81 0 1.0 0.9
0.9 0.81 0.729 1.0 0.9 0.81 0 1.0 0.9
0.9 0.81 0.729 1.0 0.9 0.81 0 1.0 0.9
0.9 0.81 0.729 1.0 0.9 0.81 0 1.0 0.9
0.9 0.81 0.729 1.0 0.9 0.81 0 1.0 0.9
0.9 0.81 0.729 1.0 0.9 0.81 0 1.0 0.9
0.9 0.81 0.729 1.0 0.9 0.81 0 1.0 0.9
0.9 0.81 0.729 1.0 0.9 0.81 0 1.0 0.9
0.9 0.81 0.729 1.0 0.9 0.81 0 1.0 0.9
0.9 0.81 0.729 1.0 0.9 0.81 0 1.0 0.9
0.9 0.81 0.729 1.0 0.9 0.81 0 1.0 0.9
0.9 0.81 0.729 1.0 0.9 0.81 0 1.0 0.9
0.9 0.81 0.729 1.0 0.9 0.81 0 1.0 0.9
0.9 0.81 0.729 1.0 0.9 0.81 0 1.0 0.9
0.9 0.81 0.729 1.0 0.9 0.81 0 1.0 0.9
0.9 0.81 0.729 1.0 0.9 0.81 0 1.0 0.9
0.9 0.81 0.729 1.0 0.9 0.81 0 1.0 0.9
0.9 0.81 0.729 1.0 0.9 0.81 0 1.0 0.9
0.9 0.81 0.729 1.0 0.9 0.81 0 1.0 0.9
0.9 0.81 0.729 1.0 0.9 0.81 0 1.0 0.9
0.9 0.81 0.729 1.0 0.9 0.81 0 1.0 0.9
0.9 0.81 0.729 1.0 0.9 0.81 0 1.0 0.9
0.9 0.81 0.729 1.0 0.9 0.81 0 1.0 0.9
0.9 0.81 0.729 1.0 0.9 0.81 0 1.0 0.9
0.9 0.81 0.729 1.0 0.9 0.81 0 1.0 0.9
0.9 0.81 0.729 1.0 0.9 0.81 0 1.0 0.9
0.9 0.81 0.729 1.0 0.9 0.81 0 1.0 0.9
0.9 0.81 0.729 1.0 0.9 0.81 0 1.0 0.9
0.9 0.81 0.729 1.0 0.9 0.81 0 1.0 0.9
0.9 0.81 0.729 1.0 0.9 0.81 0 1.0 0.9
0.9 0.81 0.729 1.0 0.9 0.81 0 1.0 0.9
0.9 0.81 0.729 1.0 0.9 0.81 0 1.0 0.9
0.9 0.81 0.729 1.0 0.9 0.81 0 1.0 0.9
0.9 0.81 0.729 1.0 0.9 0.81 0 1.0 0.9
0.9 0.81 0.729 1.0 0.9 0.81 0 1.0 0.9
0.9 0.81 0.729 1.0 0.9 0.81 0 1.0 0.9
0.9 0.81 0.729 1.0 0.9 0.81 0 1.0 0.9
0.9 0.81 0.729 1.0 0.9 0.81 0 1.0 0.9
0.9 0.81 0.729 1.0 0.9 0.81 0 1.0 0.9
0.9 0.81 0.729 1.0 0.9 0.81 0 1.0 0.9
0.9 0.81 0.729 1.0 0.9 0.81 0 1.0 0.9
0.9 0.81 0.729 1.0 0.9 0.81 0 1.0 0.9
0.9 0.81 0.729 1.0 0.9 0.81 0 1.0 0.9
0.9 0.81 0.729 1.0 0.9 0.81 0 1.0 0.9
0.9 0.81 0.729 1.0 0.9 0.81 0 1.0 0.9
0.9 0.81 0.729 1.0 0.9 0.81 0 1.0 0.9
0.9 0.81 0.729 1.0 0.9 0.81 0 1.0 0.9
0.9 0.81 0.729 1.0 0.9 0.81 0 1.0 0.9
0.9 0.81 0.729 1.0 0.9 0.81 0 1.0 0.9
0.9 0.81 0.729 1.0 0.9 0.81 0 1.0 0.9
0.9 0.81 0.729 1.0 0.9 0.81 0 1.0 0.9
0.9 0.81 0.729 1.0 0.9 0.81 0 1.0 0.9
0.9 0.81 0.729 1.0 0.9 0.81 0 1.0 0.9
0.9 0.81 0.729 1.0 0.9 0.81 0 1.0 0.9
0.9 0.81 0.729 1.0 0.9 0.81 0 1.0 0.9
0.9 0.81 0.729 1.0 0.9 0.81 0 1.0 0.9
0.9 0.81 0.729 1.0 0.9 0.81 0 1.0 0.9
0.9 0.81 0.729 1.0 0.9 0.81 0 1.0 0.9
0.9 0.81 0.729 1.0 0.9 0.81 0 1.0 0.9
0.9 0.81 0.729 1.0 0.9 0.81 0 1.0 0.9
0.9 0.81 0.729 1.0 0.9 0.81 0 1.0 0.9
0.9 0.81 0.729 1.0 0.9 0.81 0 1.0 0.9
0.9 0.81 0.729 1.0 0.9 0.81 0 1.0 0.9
0.9 0.81 0.729 1.0 0.9 0.81 0 1.0 0.9
0.9 0.81 0.729 1.0 0.9 0.81 0 1.0 0.9
0.9 0.81 0.729 1.0 0.9 0.81 0 1.0 0.9
0.9 0.81 0.729 1.0 0.9 0.81 0 1.0 0.9
0.9 0.81 0.729 1.0 0.9 0.81 0 1.0 0.9
0.9 0.81 0.729 1.0 0.9 0.81 0 1.0 0.9
0.9 0.81 0.729 1.0 0.9 0.81 0 1.0 0.9
0.9 0.81 0.729 1.0 0.9 0.81 0 1.0 0.9
0.9 0.81 0.729 1.0 0.9 0.81 0 1.0 0.9
0.9 0.81 0.729 1.0 0.9 0.81 0 1.0 0.9
0.9 0.81 0.729 1.0 0.9 0.81 0 1.0 0.9
0.9 0.81 0.729 1.0 0.9 0.81 0 1.0 0.9
0.9 0.81 0.729 1.0 0.9 0.81 0 1.0 0.9
0.9 0.81 0.729 1.0 0.9 0.81 0 1.0 0.9
0.9 0.81 0.729 1.0 0.9 0.81 0 1.0 0.9
0.9 0.81 0.729 1.0 0.9 0.81 0 1.0 0.9
0.9 0.81 0.729 1.0 0.9 0.81 0 1.0 0.9
0.9 0.81 0.729 1.0 0.9 0.81 0 1.0 0.9
0.9 0.81 0.729 1.0 0.9 0.81 0 1.0 0.9
0.9 0.81 0.729 1.0 0.9 0.81 0 1.0 0.9
0.9 0.81 0.729 1.0 0.9 0.81 0 1.0 0.9
0.9 0.81 0.729 1.0 0.9 0.81 0 1.0 0.9
0.9 0.81 0.729 1.0 0.9 0.81 0 1.0 0.9
0.9 0.81 0.729 1.0 0.9 0.81 0 1.0 0.9
0.9 0.81 0.729 1.0 0.9 0.81 0 1.0 0.9
0.9 0.81 0.729 1.0 0.9 0.81 0 1.0 0.9
0.9 0.81 0.729 1.0 0.9 0.81 0 1.0 0.9
0.9 0.81 0.729 1.0 0.9 0.81 0 1.0 0.9
0.9 0.81 0.729 1.0 0.9 0.81 0 1.0 0.9
0.9 0.81 0.729 1.0 0.9 0.81 0 1.0 0.9
0.9 0.81 0.729 1.0 0.9 0.81 0 1.0 0.9
0.9 0.81 0.729 1.0 0.9 0.81 0 1.0 0.9
0.9 0.81 0.729 1.0 0.9 0.81 0 1.0 0.9
0.9 0.81 0.729 1.0 0.9 0.81 0 1.0 0.9
0.9 0.81 0.729 1.0 0.9 0.81 0 1.0 0.9
0.9 0.81 0.729 1.0 0.9 0.81 0 1.0 0.9
0.9 0.81 0.729 1.0 0.9 0.81 0 1.0 0.9
0.9 0.81 0.729 1.0 0.9 0.81 0 1.0 0.9
0.9 0.81 0.729 1.0 0.9 0.81 0 1.0 0.9
0.9 0.81 0.729 1.0 0.9 0.81 0 1.0 0.9
0.9 0.81 0.729 1.0 0.9 0.81 0 1.0 0.9
0.9 0.81 0.729 1.0 0.9 0.81 0 1.0 0.9
0.9 0.81 0.729 1.0 0.9 0.81 0 1.0 0.9
0.9 0.81 0.729 1.0 0.9 0.81 0 1.0 0.9
0.9 0.81 0.729 1.0 0.9 0.81 0 1.0 0.9
0.9 0.81 0.729 1.0 0.9 0.81 0 1.0 0.9
0.9 0.81 0.729 1.0 0.9 0.81 0 1.0 0.9
0.9 0.81 0.729 1.0 0.9 0.81 0 1.0 0.9
0.9 0.81 0.729 1.0 0.9 0.81 0 1.0 0.9
0.9 0.81 0.729 1.0 0.9 0.81 0 1.0 0.9
0.9 0.81 0.729 1.0 0.9 0.81 0 1.0 0.9
0.9 0.81 0.729 1.0 0.9 0.81 0 1.0 0.9
0.9 0.81 0.729 1.0 0.9 0.81 0 1.0 0.9
0.9 0.81 0.729 1.0 0.9 0.81 0 1.0 0.9
0.9 0.81 0.729 1.0 0.9 0.81 0 1.0 0.9
0.9 0.81 0.729 1.0 0.9 0.81 0 1.0 0.9
0.9 0.81 0.729 1.0 0.9 0.81 0 1.0 0.9
0.9 0.81 0.729 1.0 0.9 0.81 0 1.0 0.9
0.9 0.81 0.729 1.0 0.9 0.81 0 1.0 0.9
0.9 0.81 0.729 1.0 0.9 0.81 0 1.0 0.9
0.9 0.81 0.729 1.0 0.9 0.81 0 1.0 0.9
0.9 0.81 0.729 1.0 0.9 0.81 0 1.0 0.9
0.9 0.81 0.729 1.0 0.9 0.81 0 1.0 0.9
0.9 0.81 0.729 1.0 0.9 0.81 0 1.0 0.9
0.9 0.81 0.729 1.0 0.9 0.81 0 1.0 0.9
0.9 0.81 0.729 1.0 0.9 0.81 0 1.0 0.9
0.9 0.81 0.729 1.0 0.9 0.81 0 1.0 0.9
0.9 0.81 0.729 1.0 0.9 0.81 0 1.0 0.9
0.9 0.81 0.729 1.0 0.9 0.81 0 1.0 0.9
0.9 0.81 0.729 1.0 0.9 0.81 0 1.0 0.9
0.9 0.81 0.729 1.0 0.9 0.81 0 1.0 0.9
0.9 0.81 0.729 1.0 0.9 0.81 0 1.0 0.9
0.9 0.81 0.729 1.0 0.9 0.81 0 1.0 0.9
0.9 0.81 0.729 1.0 0.9 0.81 0 1.0 0.9
0.9 0.81 0.729 1.0 0.9 0.81 0 1.0 0.9
0.9 0.81 0.729 1.0 0.9 0.81 0 1.0 0.9
0.9 0.81 0.729 1.0 0.9 0.81 0 1.0 0.9
0.9 0.81 0.729 1.0 0.9 0.81 0 1.0 0.9
0.9 0.81 0.729 1.0 0.9 0.81 0 1.0 0.9
0.9 0.81 0.729 1.0 0.9 0.81 0 1.0 0.9
0.9 0.81 0.729 1.0 0.9 0.81 0 1.0 0.9
0.9 0.81 0.729 1.0 0.9 0.81 0 1.0 0.9
0.9 0.81 0.729 1.0 0.9 0.81 0 1.0 0.9
0.9 0.81 0.729 1.0 0.9 0.81 0 1.0 0.9
0.9 0.81 0.729 1.0 0.9 0.81 0 1.0 0.9
0.9 0.81 0.729 1.0 0.9 0.81 0 1.0 0.9
0.9 0.81 0.729 1.0 0.9 0.81 0 1.0 0.9
0.9 0.81 0.729 1.0 0.9 0.81 0 1.0 0.9
0.9 0.81 0.729 1.0 0.9 0.81 0 1.0 0.9
0.9 0.81 0.729 1.0 0.9 0.81 0 1.0 0.9
0.9 0.81 0.729 1.0 0.9 0.81 0 1.0 0.9
0.9 0.81 0.729 1.0 0.9 0.81 0 1.0 0.9
0.9 0.81 0.729 1.0 0.9 0.81 0 1.0 0.9
0.9 0.81 0.729 1.0 0.9 0.81 0 1.0 0.9
0.9 0.81 0.729 1.0 0.9 0.81 0 1.0 0.9
0.9 0.81 0.729 1.0 0.9 0.81 0 1.0 0.9
0.9 0.81 0.729 1.0 0.9 0.81 0 1.0 0.9
0.9 0.81 0.729 1.0 0.9 0.81 0 1.0 0.9
0.9 0.81 0.729 1.0 0.9 0.81 0 1.0 0.9
0.9 0.81 0.729 1.0 0.9 0.81 0 1.0 0.9
0.9 0.81 0.729 1.0 0.9 0.81 0 1.0 0.9
0.9 0.81 0.729 1.0 0.9 0.81 0 1.0 0.9
0.9 0.81 0.729 1.0 0.9 0.81 0 1.0 0.9
0.9 0.81 0.729 1.0 0.9 0.81 0 1.0 0.9
0.9 0.81 0.729 1.0 0.9 0.81 0 1.0 0.9
0.9 0.81 0.729 1.0 0.9 0.81 0 1.0 0.9
0.9 0.81 0.729 1.0 0.9 0.81 0 1.0 0.9
0.9 0.81 0.729 1.0 0.9 0.81 0 1.0 0.9
0.9 0.81 0.729 1.0 0.9 0.81 0 1.0 0.9
0.9 0.81 0.729 1.0 0.9 0.81 0 1.0 0.9
0.9 0.81 0.729 1.0 0.9 0.81 0 1.0 0.9
0.9 0.81 0.729 1.0 0.9 0.81 0 1.0 0.9
0.9 0.81 0.729 1.0 0.9 0.81 0 1.0 0.9
0.9 0.81 0.729 1.0 0.9 0.81 0 1.0 0.9
0.9 0.81 0.729 1.0 0.9 0.81 0 1.0 0.9
0.9 0.81 0.729 1.0 0.9 0.81 0 1.0 0.9
0.9 0.81 0.729 1.0 0.9 0.81 0 1.0 0.9
0.9 0.81 0.729 1.0 0.9 0.81 0 1.0 0.9
0.9 0.81 0.729 1.0 0.9 0.81 0 1.0 0.9
0.9 0.81 0.729 1.0 0.9 0.81 0 1.0 0.9
0.9 0.81 0.729 1.0 0.9 0.81 0 1.0 0.9
0.9 0.81 0.729 1.0 0.9 0.81 0 1.0 0.9
0.9 0.81 0.729 1.0 0.9 0.81 0 1.0 0.9
0.9 0.81 0.729 1.0 0.9 0.81 0 1.0 0.9
0.9 0.81 0.729 1.0 0.9 0.81 0 1.0 0.9
0.9 0.81 0.729 1.0 0.9 0.81 0 1.0 0.9
0.9 0.81 0.729 1.0 0.9 0.81 0 1.0 0.9
0.9 0.81 0.729 1.0 0.9 0.81 0 1.0 0.9
0.9 0.81 0.729 1.0 0.9 0.81 0 1.0 0.9
0.9 0.81 0.729 1.0 0.9 0.81 0 1.0 0.9
0.9 0.81 0.729 1.0 0.9 0.81 0 1.0 0.9
0.9 0.81 0.729 1.0 0.9 0.81 0 1.0 0.9
0.9 0.81 0.729 1.0 0.9 0.81 0 1.0 0.9
0.9 0.81 0.729 1.0 0.9 0.81 0 1.0 0.9
0.9 0.81 0.729 1.0 0.9 0.81 0 1.0 0.9
0.9 0.81 0.729 1.0 0.9 0.81 0 1.0 0.9
0.9 0.81 0.729 1.0 0.9 0.81 0 1.0 0.9
0.9 0.81 0.729 1.0 0.9 0.81 0 1.0 0.9
0.9 0.81 0.729 1.0 0.9 0.81 0 1.0 0.9
0.9 0.81 0.729 1.0 0.9 0.81 0 1.0 0.9
0.9 0.81 0.729 1.0 0.9 0.81 0 1.0 0.9
0.9 0.81 0.729 1.0 0.9 0.81 0 1.0 0.9
0.9 0.81 0.729 1.0 0.9 0.81 0 1.0 0.9
0.9 0.81 0.729 1.0 0.9 0.81 0 1.0 0.9
0.9 0.81 0.729 1.0 0.9 0.81 0 1.0 0.9
0.9 0.81 0.729 1.0 0.9 0.81 0 1.0 0.9
0.9 0.81 0.729 1.0 0.9 0.81 0 1.0 0.9
0.9 0.81 0.729 1.0 0.9 0.81 0 1.0 0.9
0.9 0.81 0.729 1.0 0.9 0.81 0 1.0 0.9
0.9 0.81 0.729 1.0 0.9 0.81 0 1.0 0.9
0.9 0.81 0.729 1.0 0.9 0.81 0 1.0 0.9
0.9 0.81 0.729 1.0 0.9 0.81 0 1.0 0.9
0.9 0.81 0.729 1.0 0.9 0.81 0 1.0 0.9
0.9 0.81 0.729 1.0 0.9 0.81 0 1.0 0.9
0.9 0.81 0.729 1.0 0.9 0.81 0 1.0 0.9
0.9 0.81 0.729 1.0 0.9 0.81 0 1.0 0.9
0.9 0.81 0.729 1.0 0.9 0.81 0 1.0 0.9
0.9 0.81 0.729 1.0 0.9 0.81 0 1.0 0.9
0.9 0.81 0.729 1.0 0.9 0.81 0 1.0 0.9
0.9 0.81 0.729 1.0 0.9 0.81 0 1.0 0.9
0.9 0.81 0.729 1.0 0.9 0.81 0 1.0 0.9
0.9 0.81 0.729 1.0 0.9 0.81 0 1.0 0.9
0.9 0.81 0.729 1.0 0.9 0.81 0 1.0 0.9
0.9 0.81 0.729 1.0 0.9 0.81 0 1.0 0.9
0.9 0.81 0.729 1.0 0.9 0.81 0 1.0 0.9
0.9 0.81 0.729 1.0 0.9 0.81 0 1.0 0.9
0.9 0.81 0.729 1.0 0.9 0.81 0 1.0 0.9
0.9 0.81 0.729 1.0 0.9 0.81 0 1.0 0.9
0.9 0.81 0.729 1.0 0.9 0.81 0 1.0 0.9
0.9 0.81 0.729 1.0 0.9 0.81 0 1.0 0.9
0.9 0.81 0.729 1.0 0.9 0.81 0 1.0 0.9
0.9 0.81 0.729 1.0 0.9 0.81 0 1.0 0.9
0.9 0.81 0.729 1.0 0.9 0.81 0 1.0 0.9
0.9 0.81 0.729 1.0 0.9 0.81 0 1.0 0.9
0.9 0.81 0.729 1.0 0.9 0.81 0 1.0 0.9
0.9 0.81 0.729 1.0 0.9 0.81 0 1.0 0.9
0.9 0.81 0.729 1.0 0.9 0.81 0 1.0 0.9
0.9 0.81 0.729 1.0 0.9 0.81 0 1.0 0.9
0.9 0.81 0.729 1.0 0.9 0.81 0 1.0 0.9
0.9 0.81 0.729 1.0 0.9 0.81 0 1.0 0.9
0.9 0.81 0.729 1.0 0.9 0.81 0 1.0 0.9
0.9 0.81 0.729 1.0 0.9 0.81 0 1.0 0.9
0.9 0.81 0.729 1.0 0.9 0.81 0 1.0 0.9
0.9 0.81 0.729 1.0 0.9 0.81 0 1.0 0.9

AVERAGE RETURNS FROM START STATE: 0.631073776383


