[1m[7m%[27m[1m[0m                                                                                                                                                              k..ce/RLCodeBase\[0m[27m[24m[J[01;32mB  [36mRLCodeBase[00m [01;34mgit:([31mmaster[34m) [33m✗[00m [K[?1h=[?2004heexit[?1l>[?2004l
kexit\[1m[7m%[27m[1m[0m                                                                                                                                                              k..ce/RLCodeBase\[0m[27m[24m[J[01;32mB  [36mRLCodeBase[00m [01;34mgit:([31mmaster[34m) [33m✗[00m [K[?1h=[?2004h../officeNav.sh[1m [0m[0m [?1l>[?2004l
k./officeNav.sh\relevant constraints set([(0, 11), (1, 11)])
number of dom pis 3
q ()
r pi
(((3, 9), 1, 0, 1), (1, -1)) 0.387420489
(((5, 7), 1, 0, 1), (0, -1)) 0.31381059609
(((5, 4), 1, 0, 1), (0, -1)) 0.22876792455
(((5, 1), 1, 0, 1), (1, -1)) 0.166771816997
(((2, 6), 1, 0, 1), (0, 1)) 0.531441
(((2, 4), 1, 0, 1), (0, 1)) 0.6561
(((5, 5), 1, 0, 1), (0, -1)) 0.254186582833
(((6, 0), 1, 0, 0), (0, 0)) 1.35085171767
(((2, 3), 1, 0, 1), (0, 1)) 0.729
(((6, 0), 1, 0, 1), 'turnOffSwitch') 0.150094635297
(((2, 2), 1, 0, 1), (0, 1)) 0.81
(((4, 8), 1, 0, 1), (1, -1)) 0.3486784401
(((5, 3), 1, 0, 1), (0, -1)) 0.205891132095
(((0, 0), 1, 0, 1), (1, 1)) 1.0
(((2, 8), 1, 0, 1), (1, 1)) 0.43046721
(((1, 1), 1, 0, 1), (1, 1)) 0.9
(((5, 6), 1, 0, 1), (0, -1)) 0.282429536481
(((5, 2), 1, 0, 1), (0, -1)) 0.185302018885
(((2, 5), 1, 0, 1), (0, 1)) 0.59049
(((2, 7), 1, 0, 1), (0, 1)) 0.4782969
h pi
(((4, 6), 1, 1, 1), (1, -1)) 0.3486784401
(((2, 7), 1, 1, 1), (1, 0)) 0.43046721
(((2, 6), 1, 0, 1), (0, 1)) 0.531441
(((6, 0), 1, 1, 1), 'turnOffSwitch') 0.185302018885
(((2, 4), 1, 0, 1), (0, 1)) 0.6561
(((5, 3), 1, 1, 1), (1, -1)) 0.254186582833
(((6, 0), 1, 1, 0), (0, 0)) 1.66771816997
(((2, 3), 1, 0, 1), (0, 1)) 0.729
(((2, 2), 1, 0, 1), (0, 1)) 0.81
(((3, 7), 1, 1, 1), (1, -1)) 0.387420489
(((5, 4), 1, 1, 1), (0, -1)) 0.282429536481
(((0, 0), 1, 0, 1), (1, 1)) 1.0
(((5, 5), 1, 1, 1), (0, -1)) 0.31381059609
(((1, 1), 1, 0, 1), (1, 1)) 0.9
(((2, 7), 1, 0, 1), 'openDoor') 0.4782969
(((6, 1), 1, 1, 1), (0, -1)) 0.205891132095
(((6, 2), 1, 1, 1), (0, -1)) 0.22876792455
(((2, 5), 1, 0, 1), (0, 1)) 0.59049
(1.8530201888518418, 1.500946352969992) 0.352073835882
r pi
(((3, 9), 1, 0, 1), (1, -1)) 0.387420489
(((5, 7), 1, 0, 1), (0, -1)) 0.31381059609
(((5, 4), 1, 0, 1), (0, -1)) 0.22876792455
(((5, 1), 1, 0, 1), (1, -1)) 0.166771816997
(((2, 6), 1, 0, 1), (0, 1)) 0.531441
(((2, 4), 1, 0, 1), (0, 1)) 0.6561
(((5, 5), 1, 0, 1), (0, -1)) 0.254186582833
(((6, 0), 1, 0, 0), (0, 0)) 1.35085171767
(((2, 3), 1, 0, 1), (0, 1)) 0.729
(((6, 0), 1, 0, 1), 'turnOffSwitch') 0.150094635297
(((2, 2), 1, 0, 1), (0, 1)) 0.81
(((4, 8), 1, 0, 1), (1, -1)) 0.3486784401
(((5, 3), 1, 0, 1), (0, -1)) 0.205891132095
(((0, 0), 1, 0, 1), (1, 1)) 1.0
(((2, 8), 1, 0, 1), (1, 1)) 0.43046721
(((1, 1), 1, 0, 1), (1, 1)) 0.9
(((5, 6), 1, 0, 1), (0, -1)) 0.282429536481
(((5, 2), 1, 0, 1), (0, -1)) 0.185302018885
(((2, 5), 1, 0, 1), (0, 1)) 0.59049
(((2, 7), 1, 0, 1), (0, 1)) 0.4782969
h pi
(((4, 6), 1, 1, 1), (1, -1)) 0.3486784401
(((2, 7), 1, 1, 1), (1, 0)) 0.43046721
(((2, 6), 1, 0, 1), (0, 1)) 0.531441
(((6, 0), 1, 1, 1), 'turnOffSwitch') 0.185302018885
(((2, 4), 1, 0, 1), (0, 1)) 0.6561
(((5, 3), 1, 1, 1), (1, -1)) 0.254186582833
(((6, 0), 1, 1, 0), (0, 0)) 1.66771816997
(((2, 3), 1, 0, 1), (0, 1)) 0.729
(((2, 2), 1, 0, 1), (0, 1)) 0.81
(((3, 7), 1, 1, 1), (1, -1)) 0.387420489
(((5, 4), 1, 1, 1), (0, -1)) 0.282429536481
(((0, 0), 1, 0, 1), (1, 1)) 1.0
(((5, 5), 1, 1, 1), (0, -1)) 0.31381059609
(((1, 1), 1, 0, 1), (1, 1)) 0.9
(((2, 7), 1, 0, 1), 'openDoor') 0.4782969
(((6, 1), 1, 1, 1), (0, -1)) 0.205891132095
(((6, 2), 1, 1, 1), (0, -1)) 0.22876792455
(((2, 5), 1, 0, 1), (0, 1)) 0.59049
(1.8530201888518418, 1.500946352969992) 0.352073835882
() 0.352073835882
relevant constraints set([(0, 11), (1, 11)])
number of dom pis 3
q ()
r pi
(((3, 9), 1, 0, 1), (1, -1)) 0.387420489
(((6, 1), 1, 0, 1), (0, -1)) 0.166771816997
(((5, 3), 1, 0, 1), (1, -1)) 0.205891132095
(((6, 2), 1, 0, 1), (0, -1)) 0.185302018885
(((2, 6), 1, 0, 1), (0, 1)) 0.531441
(((6, 0), 1, 0, 0), (0, 0)) 1.35085171767
(((1, 3), 1, 0, 1), (0, 1)) 0.729
(((4, 7), 1, 0, 1), (0, -1)) 0.31381059609
(((6, 0), 1, 0, 1), 'turnOffSwitch') 0.150094635297
(((0, 0), 1, 0, 1), (1, 1)) 1.0
(((1, 2), 1, 0, 1), (0, 1)) 0.81
(((4, 6), 1, 0, 1), (0, -1)) 0.282429536481
(((2, 8), 1, 0, 1), (1, 1)) 0.43046721
(((4, 8), 1, 0, 1), (0, -1)) 0.3486784401
(((4, 5), 1, 0, 1), (0, -1)) 0.254186582833
(((2, 7), 1, 0, 1), (0, 1)) 0.4782969
(((4, 4), 1, 0, 1), (1, -1)) 0.22876792455
(((2, 5), 1, 0, 1), (0, 1)) 0.59049
(((1, 1), 1, 0, 1), (0, 1)) 0.9
(((1, 4), 1, 0, 1), (1, 1)) 0.6561
h pi
(((2, 1), 1, 0, 1), 'openDoor') 0.81
(((1, 1), 1, 0, 1), (1, 0)) 0.9
(((3, 1), 1, 1, 1), (1, -1)) 0.6561
(((6, 0), 1, 1, 0), (0, 0)) 4.3046721
(((2, 1), 1, 1, 1), (1, 0)) 0.729
(((0, 0), 1, 0, 1), (1, 1)) 1.0
(((6, 0), 1, 1, 1), 'turnOffSwitch') 0.4782969
(((5, 0), 1, 1, 1), (1, 0)) 0.531441
(((4, 0), 1, 1, 1), (1, 0)) 0.59049
(4.7829690000000014, 1.500946352969992) 3.28202264703
r pi
(((3, 9), 1, 0, 1), (1, -1)) 0.387420489
(((6, 1), 1, 0, 1), (0, -1)) 0.166771816997
(((5, 3), 1, 0, 1), (1, -1)) 0.205891132095
(((6, 2), 1, 0, 1), (0, -1)) 0.185302018885
(((2, 6), 1, 0, 1), (0, 1)) 0.531441
(((6, 0), 1, 0, 0), (0, 0)) 1.35085171767
(((1, 3), 1, 0, 1), (0, 1)) 0.729
(((4, 7), 1, 0, 1), (0, -1)) 0.31381059609
(((6, 0), 1, 0, 1), 'turnOffSwitch') 0.150094635297
(((0, 0), 1, 0, 1), (1, 1)) 1.0
(((1, 2), 1, 0, 1), (0, 1)) 0.81
(((4, 6), 1, 0, 1), (0, -1)) 0.282429536481
(((2, 8), 1, 0, 1), (1, 1)) 0.43046721
(((4, 8), 1, 0, 1), (0, -1)) 0.3486784401
(((4, 5), 1, 0, 1), (0, -1)) 0.254186582833
(((2, 7), 1, 0, 1), (0, 1)) 0.4782969
(((4, 4), 1, 0, 1), (1, -1)) 0.22876792455
(((2, 5), 1, 0, 1), (0, 1)) 0.59049
(((1, 1), 1, 0, 1), (0, 1)) 0.9
(((1, 4), 1, 0, 1), (1, 1)) 0.6561
h pi
(((2, 1), 1, 0, 1), 'openDoor') 0.81
(((1, 1), 1, 0, 1), (1, 0)) 0.9
(((3, 1), 1, 1, 1), (1, -1)) 0.6561
(((6, 0), 1, 1, 0), (0, 0)) 4.3046721
(((2, 1), 1, 1, 1), (1, 0)) 0.729
(((0, 0), 1, 0, 1), (1, 1)) 1.0
(((6, 0), 1, 1, 1), 'turnOffSwitch') 0.4782969
(((5, 0), 1, 1, 1), (1, 0)) 0.531441
(((4, 0), 1, 1, 1), (1, 0)) 0.59049
(4.7829690000000014, 1.500946352969992) 3.28202264703
() 3.28202264703
relevant constraints set([])
number of dom pis 1
q ()
r pi
(((3, 9), 1, 0, 1), (1, -1)) 0.387420489
(((5, 7), 1, 0, 1), (0, -1)) 0.31381059609
(((5, 4), 1, 0, 1), (0, -1)) 0.22876792455
(((5, 1), 1, 0, 1), (1, -1)) 0.166771816997
(((2, 6), 1, 0, 1), (0, 1)) 0.531441
(((2, 4), 1, 0, 1), (0, 1)) 0.6561
(((5, 5), 1, 0, 1), (0, -1)) 0.254186582833
(((6, 0), 1, 0, 0), (0, 0)) 1.35085171767
(((2, 3), 1, 0, 1), (0, 1)) 0.729
(((6, 0), 1, 0, 1), 'turnOffSwitch') 0.150094635297
(((2, 2), 1, 0, 1), (0, 1)) 0.81
(((4, 8), 1, 0, 1), (1, -1)) 0.3486784401
(((5, 3), 1, 0, 1), (0, -1)) 0.205891132095
(((0, 0), 1, 0, 1), (1, 1)) 1.0
(((2, 8), 1, 0, 1), (1, 1)) 0.43046721
(((1, 1), 1, 0, 1), (1, 1)) 0.9
(((5, 6), 1, 0, 1), (0, -1)) 0.282429536481
(((5, 2), 1, 0, 1), (0, -1)) 0.185302018885
(((2, 5), 1, 0, 1), (0, 1)) 0.59049
(((2, 7), 1, 0, 1), (0, 1)) 0.4782969
h pi
(((3, 9), 1, 0, 1), (1, -1)) 0.387420489
(((5, 7), 1, 0, 1), (0, -1)) 0.31381059609
(((5, 4), 1, 0, 1), (0, -1)) 0.22876792455
(((5, 1), 1, 0, 1), (1, -1)) 0.166771816997
(((2, 6), 1, 0, 1), (0, 1)) 0.531441
(((2, 4), 1, 0, 1), (0, 1)) 0.6561
(((5, 5), 1, 0, 1), (0, -1)) 0.254186582833
(((6, 0), 1, 0, 0), (0, 0)) 1.35085171767
(((2, 3), 1, 0, 1), (0, 1)) 0.729
(((6, 0), 1, 0, 1), 'turnOffSwitch') 0.150094635297
(((2, 2), 1, 0, 1), (0, 1)) 0.81
(((4, 8), 1, 0, 1), (1, -1)) 0.3486784401
(((5, 3), 1, 0, 1), (0, -1)) 0.205891132095
(((0, 0), 1, 0, 1), (1, 1)) 1.0
(((2, 8), 1, 0, 1), (1, 1)) 0.43046721
(((1, 1), 1, 0, 1), (1, 1)) 0.9
(((5, 6), 1, 0, 1), (0, -1)) 0.282429536481
(((5, 2), 1, 0, 1), (0, -1)) 0.185302018885
(((2, 5), 1, 0, 1), (0, 1)) 0.59049
(((2, 7), 1, 0, 1), (0, 1)) 0.4782969
(1.500946352969992, 1.500946352969992) 0.0
r pi
(((3, 9), 1, 0, 1), (1, -1)) 0.387420489
(((5, 7), 1, 0, 1), (0, -1)) 0.31381059609
(((5, 4), 1, 0, 1), (0, -1)) 0.22876792455
(((5, 1), 1, 0, 1), (1, -1)) 0.166771816997
(((2, 6), 1, 0, 1), (0, 1)) 0.531441
(((2, 4), 1, 0, 1), (0, 1)) 0.6561
(((5, 5), 1, 0, 1), (0, -1)) 0.254186582833
(((6, 0), 1, 0, 0), (0, 0)) 1.35085171767
(((2, 3), 1, 0, 1), (0, 1)) 0.729
(((6, 0), 1, 0, 1), 'turnOffSwitch') 0.150094635297
(((2, 2), 1, 0, 1), (0, 1)) 0.81
(((4, 8), 1, 0, 1), (1, -1)) 0.3486784401
(((5, 3), 1, 0, 1), (0, -1)) 0.205891132095
(((0, 0), 1, 0, 1), (1, 1)) 1.0
(((2, 8), 1, 0, 1), (1, 1)) 0.43046721
(((1, 1), 1, 0, 1), (1, 1)) 0.9
(((5, 6), 1, 0, 1), (0, -1)) 0.282429536481
(((5, 2), 1, 0, 1), (0, -1)) 0.185302018885
(((2, 5), 1, 0, 1), (0, 1)) 0.59049
(((2, 7), 1, 0, 1), (0, 1)) 0.4782969
h pi
(((3, 9), 1, 0, 1), (1, -1)) 0.387420489
(((5, 7), 1, 0, 1), (0, -1)) 0.31381059609
(((5, 4), 1, 0, 1), (0, -1)) 0.22876792455
(((5, 1), 1, 0, 1), (1, -1)) 0.166771816997
(((2, 6), 1, 0, 1), (0, 1)) 0.531441
(((2, 4), 1, 0, 1), (0, 1)) 0.6561
(((5, 5), 1, 0, 1), (0, -1)) 0.254186582833
(((6, 0), 1, 0, 0), (0, 0)) 1.35085171767
(((2, 3), 1, 0, 1), (0, 1)) 0.729
(((6, 0), 1, 0, 1), 'turnOffSwitch') 0.150094635297
(((2, 2), 1, 0, 1), (0, 1)) 0.81
(((4, 8), 1, 0, 1), (1, -1)) 0.3486784401
(((5, 3), 1, 0, 1), (0, -1)) 0.205891132095
(((0, 0), 1, 0, 1), (1, 1)) 1.0
(((2, 8), 1, 0, 1), (1, 1)) 0.43046721
(((1, 1), 1, 0, 1), (1, 1)) 0.9
(((5, 6), 1, 0, 1), (0, -1)) 0.282429536481
(((5, 2), 1, 0, 1), (0, -1)) 0.185302018885
(((2, 5), 1, 0, 1), (0, 1)) 0.59049
(((2, 7), 1, 0, 1), (0, 1)) 0.4782969
(1.500946352969992, 1.500946352969992) 0.0
() 0.0
relevant constraints set([(0, 11), (1, 11)])
number of dom pis 3
q ()
[1m[7m%[27m[1m[0m                                                                                                                                                              k..ce/RLCodeBase\[0m[27m[24m[J[01;32mB  [36mRLCodeBase[00m [01;34mgit:([31mmaster[34m) [33m✗[00m [K[?1h=[?2004h[?2004l
r pi
(((3, 9), 1, 0, 1), (1, -1)) 0.387420489
(((6, 1), 1, 0, 1), (0, -1)) 0.166771816997
(((5, 3), 1, 0, 1), (1, -1)) 0.205891132095
(((6, 2), 1, 0, 1), (0, -1)) 0.185302018885
(((2, 6), 1, 0, 1), (0, 1)) 0.531441
(((6, 0), 1, 0, 0), (0, 0)) 1.35085171767
(((1, 3), 1, 0, 1), (0, 1)) 0.729
(((4, 7), 1, 0, 1), (0, -1)) 0.31381059609
(((6, 0), 1, 0, 1), 'turnOffSwitch') 0.150094635297
(((4, 5), 1, 0, 1), (0, -1)) 0.254186582833
(((0, 0), 1, 0, 1), (1, 1)) 1.0
(((1, 2), 1, 0, 1), (0, 1)) 0.81
(((4, 6), 1, 0, 1), (0, -1)) 0.282429536481
(((2, 8), 1, 0, 1), (1, 1)) 0.43046721
(((4, 8), 1, 0, 1), (0, -1)) 0.3486784401
(((2, 7), 1, 0, 1), (0, 1)) 0.4782969
(((4, 4), 1, 0, 1), (1, -1)) 0.22876792455
(((2, 5), 1, 0, 1), (0, 1)) 0.59049
(((1, 1), 1, 0, 1), (0, 1)) 0.9
(((1, 4), 1, 0, 1), (1, 1)) 0.6561
h pi
(((2, 2), 1, 1, 1), (1, 0)) 0.729
(((6, 0), 1, 1, 0), (0, 0)) 4.3046721
(((4, 2), 1, 1, 1), (1, -1)) 0.59049
(((3, 2), 1, 1, 1), (1, 0)) 0.6561
(((0, 0), 1, 0, 1), (1, 1)) 1.0
(((6, 0), 1, 1, 1), 'turnOffSwitch') 0.4782969
(((1, 1), 1, 0, 1), (1, 1)) 0.9
(((5, 1), 1, 1, 1), (1, -1)) 0.531441
(((2, 2), 1, 0, 1), 'openDoor') 0.81
(4.7829690000000014, 1.500946352969992) 3.28202264703
r pi
(((3, 9), 1, 0, 1), (1, -1)) 0.387420489
(((6, 1), 1, 0, 1), (0, -1)) 0.166771816997
(((5, 3), 1, 0, 1), (1, -1)) 0.205891132095
(((6, 2), 1, 0, 1), (0, -1)) 0.185302018885
(((2, 6), 1, 0, 1), (0, 1)) 0.531441
(((6, 0), 1, 0, 0), (0, 0)) 1.35085171767
(((1, 3), 1, 0, 1), (0, 1)) 0.729
(((4, 7), 1, 0, 1), (0, -1)) 0.31381059609
(((6, 0), 1, 0, 1), 'turnOffSwitch') 0.150094635297
(((4, 5), 1, 0, 1), (0, -1)) 0.254186582833
(((0, 0), 1, 0, 1), (1, 1)) 1.0
(((1, 2), 1, 0, 1), (0, 1)) 0.81
(((4, 6), 1, 0, 1), (0, -1)) 0.282429536481
(((2, 8), 1, 0, 1), (1, 1)) 0.43046721
(((4, 8), 1, 0, 1), (0, -1)) 0.3486784401
(((2, 7), 1, 0, 1), (0, 1)) 0.4782969
(((4, 4), 1, 0, 1), (1, -1)) 0.22876792455
(((2, 5), 1, 0, 1), (0, 1)) 0.59049
(((1, 1), 1, 0, 1), (0, 1)) 0.9
(((1, 4), 1, 0, 1), (1, 1)) 0.6561
h pi
(((2, 2), 1, 1, 1), (1, 0)) 0.729
(((6, 0), 1, 1, 0), (0, 0)) 4.3046721
(((4, 2), 1, 1, 1), (1, -1)) 0.59049
(((3, 2), 1, 1, 1), (1, 0)) 0.6561
(((0, 0), 1, 0, 1), (1, 1)) 1.0
(((6, 0), 1, 1, 1), 'turnOffSwitch') 0.4782969
(((1, 1), 1, 0, 1), (1, 1)) 0.9
(((5, 1), 1, 1, 1), (1, -1)) 0.531441
(((2, 2), 1, 0, 1), 'openDoor') 0.81
(4.7829690000000014, 1.500946352969992) 3.28202264703
() 3.28202264703
relevant constraints set([(0, 11), (1, 11)])
number of dom pis 3
q ()
r pi
(((3, 9), 1, 0, 1), (1, -1)) 0.387420489
(((6, 1), 1, 0, 1), (0, -1)) 0.166771816997
(((5, 3), 1, 0, 1), (1, -1)) 0.205891132095
(((6, 2), 1, 0, 1), (0, -1)) 0.185302018885
(((2, 6), 1, 0, 1), (0, 1)) 0.531441
(((6, 0), 1, 0, 0), (0, 0)) 1.35085171767
(((1, 3), 1, 0, 1), (0, 1)) 0.729
(((4, 7), 1, 0, 1), (0, -1)) 0.31381059609
(((6, 0), 1, 0, 1), 'turnOffSwitch') 0.150094635297
(((4, 5), 1, 0, 1), (0, -1)) 0.254186582833
(((0, 0), 1, 0, 1), (1, 1)) 1.0
(((1, 2), 1, 0, 1), (0, 1)) 0.81
(((4, 6), 1, 0, 1), (0, -1)) 0.282429536481
(((2, 8), 1, 0, 1), (1, 1)) 0.43046721
(((4, 8), 1, 0, 1), (0, -1)) 0.3486784401
(((2, 7), 1, 0, 1), (0, 1)) 0.4782969
(((4, 4), 1, 0, 1), (1, -1)) 0.22876792455
(((2, 5), 1, 0, 1), (0, 1)) 0.59049
(((1, 1), 1, 0, 1), (0, 1)) 0.9
(((1, 4), 1, 0, 1), (1, 1)) 0.6561
h pi
(((2, 2), 1, 1, 1), (1, 0)) 0.729
(((6, 0), 1, 1, 0), (0, 0)) 4.3046721
(((4, 2), 1, 1, 1), (1, -1)) 0.59049
(((3, 2), 1, 1, 1), (1, 0)) 0.6561
(((0, 0), 1, 0, 1), (1, 1)) 1.0
(((6, 0), 1, 1, 1), 'turnOffSwitch') 0.4782969
(((1, 1), 1, 0, 1), (1, 1)) 0.9
(((5, 1), 1, 1, 1), (1, -1)) 0.531441
(((2, 2), 1, 0, 1), 'openDoor') 0.81
(4.7829690000000014, 1.500946352969992) 3.28202264703
r pi
(((3, 9), 1, 0, 1), (1, -1)) 0.387420489
(((6, 1), 1, 0, 1), (0, -1)) 0.166771816997
(((5, 3), 1, 0, 1), (1, -1)) 0.205891132095
(((6, 2), 1, 0, 1), (0, -1)) 0.185302018885
(((2, 6), 1, 0, 1), (0, 1)) 0.531441
(((6, 0), 1, 0, 0), (0, 0)) 1.35085171767
(((1, 3), 1, 0, 1), (0, 1)) 0.729
(((4, 7), 1, 0, 1), (0, -1)) 0.31381059609
(((6, 0), 1, 0, 1), 'turnOffSwitch') 0.150094635297
(((4, 5), 1, 0, 1), (0, -1)) 0.254186582833
(((0, 0), 1, 0, 1), (1, 1)) 1.0
(((1, 2), 1, 0, 1), (0, 1)) 0.81
(((4, 6), 1, 0, 1), (0, -1)) 0.282429536481
(((2, 8), 1, 0, 1), (1, 1)) 0.43046721
(((4, 8), 1, 0, 1), (0, -1)) 0.3486784401
(((2, 7), 1, 0, 1), (0, 1)) 0.4782969
(((4, 4), 1, 0, 1), (1, -1)) 0.22876792455
(((2, 5), 1, 0, 1), (0, 1)) 0.59049
(((1, 1), 1, 0, 1), (0, 1)) 0.9
(((1, 4), 1, 0, 1), (1, 1)) 0.6561
h pi
(((2, 2), 1, 1, 1), (1, 0)) 0.729
(((6, 0), 1, 1, 0), (0, 0)) 4.3046721
(((4, 2), 1, 1, 1), (1, -1)) 0.59049
(((3, 2), 1, 1, 1), (1, 0)) 0.6561
(((0, 0), 1, 0, 1), (1, 1)) 1.0
(((6, 0), 1, 1, 1), 'turnOffSwitch') 0.4782969
(((1, 1), 1, 0, 1), (1, 1)) 0.9
(((5, 1), 1, 1, 1), (1, -1)) 0.531441
(((2, 2), 1, 0, 1), 'openDoor') 0.81
(4.7829690000000014, 1.500946352969992) 3.28202264703
() 3.28202264703
Killed
relevant constraints set([(0, 11), (1, 11)])
number of dom pis 3
queries [()]
q ()
r pi
(((3, 9), 1, 0, 1), (1, -1)) 0.387420489
(((5, 7), 1, 0, 1), (0, -1)) 0.31381059609
(((5, 4), 1, 0, 1), (0, -1)) 0.22876792455
(((5, 1), 1, 0, 1), (1, -1)) 0.166771816997
(((2, 6), 1, 0, 1), (0, 1)) 0.531441
(((2, 4), 1, 0, 1), (0, 1)) 0.6561
(((5, 5), 1, 0, 1), (0, -1)) 0.254186582833
(((6, 0), 1, 0, 0), (0, 0)) 1.35085171767
(((2, 3), 1, 0, 1), (0, 1)) 0.729
(((6, 0), 1, 0, 1), 'turnOffSwitch') 0.150094635297
(((2, 2), 1, 0, 1), (0, 1)) 0.81
(((4, 8), 1, 0, 1), (1, -1)) 0.3486784401
(((5, 3), 1, 0, 1), (0, -1)) 0.205891132095
(((0, 0), 1, 0, 1), (1, 1)) 1.0
(((2, 8), 1, 0, 1), (1, 1)) 0.43046721
(((1, 1), 1, 0, 1), (1, 1)) 0.9
(((5, 6), 1, 0, 1), (0, -1)) 0.282429536481
(((5, 2), 1, 0, 1), (0, -1)) 0.185302018885
(((2, 5), 1, 0, 1), (0, 1)) 0.59049
(((2, 7), 1, 0, 1), (0, 1)) 0.4782969
h pi
(((4, 6), 1, 1, 1), (1, -1)) 0.3486784401
(((2, 7), 1, 1, 1), (1, 0)) 0.43046721
(((2, 6), 1, 0, 1), (0, 1)) 0.531441
(((6, 0), 1, 1, 1), 'turnOffSwitch') 0.185302018885
(((2, 4), 1, 0, 1), (0, 1)) 0.6561
(((5, 3), 1, 1, 1), (1, -1)) 0.254186582833
(((6, 0), 1, 1, 0), (0, 0)) 1.66771816997
(((2, 3), 1, 0, 1), (0, 1)) 0.729
(((2, 2), 1, 0, 1), (0, 1)) 0.81
(((3, 7), 1, 1, 1), (1, -1)) 0.387420489
(((5, 4), 1, 1, 1), (0, -1)) 0.282429536481
(((0, 0), 1, 0, 1), (1, 1)) 1.0
(((5, 5), 1, 1, 1), (0, -1)) 0.31381059609
(((1, 1), 1, 0, 1), (1, 1)) 0.9
(((2, 7), 1, 0, 1), 'openDoor') 0.4782969
(((6, 1), 1, 1, 1), (0, -1)) 0.205891132095
(((6, 2), 1, 1, 1), (0, -1)) 0.22876792455
(((2, 5), 1, 0, 1), (0, 1)) 0.59049
(1.8530201888518418, 1.500946352969992) 0.352073835882
VCAdv set([(0, 1), (0, 11), (1, 11), (0, 2), (0, 3)])
r pi
(((3, 9), 1, 0, 1), (1, -1)) 0.387420489
(((5, 7), 1, 0, 1), (0, -1)) 0.31381059609
(((5, 4), 1, 0, 1), (0, -1)) 0.22876792455
(((5, 1), 1, 0, 1), (1, -1)) 0.166771816997
(((2, 6), 1, 0, 1), (0, 1)) 0.531441
(((2, 4), 1, 0, 1), (0, 1)) 0.6561
(((5, 5), 1, 0, 1), (0, -1)) 0.254186582833
(((6, 0), 1, 0, 0), (0, 0)) 1.35085171767
(((2, 3), 1, 0, 1), (0, 1)) 0.729
(((6, 0), 1, 0, 1), 'turnOffSwitch') 0.150094635297
(((2, 2), 1, 0, 1), (0, 1)) 0.81
(((4, 8), 1, 0, 1), (1, -1)) 0.3486784401
(((5, 3), 1, 0, 1), (0, -1)) 0.205891132095
(((0, 0), 1, 0, 1), (1, 1)) 1.0
(((2, 8), 1, 0, 1), (1, 1)) 0.43046721
(((1, 1), 1, 0, 1), (1, 1)) 0.9
(((5, 6), 1, 0, 1), (0, -1)) 0.282429536481
(((5, 2), 1, 0, 1), (0, -1)) 0.185302018885
(((2, 5), 1, 0, 1), (0, 1)) 0.59049
(((2, 7), 1, 0, 1), (0, 1)) 0.4782969
h pi
(((4, 6), 1, 1, 1), (1, -1)) 0.3486784401
(((2, 7), 1, 1, 1), (1, 0)) 0.43046721
(((2, 6), 1, 0, 1), (0, 1)) 0.531441
(((6, 0), 1, 1, 1), 'turnOffSwitch') 0.185302018885
(((2, 4), 1, 0, 1), (0, 1)) 0.6561
(((5, 3), 1, 1, 1), (1, -1)) 0.254186582833
(((6, 0), 1, 1, 0), (0, 0)) 1.66771816997
(((2, 3), 1, 0, 1), (0, 1)) 0.729
(((2, 2), 1, 0, 1), (0, 1)) 0.81
(((3, 7), 1, 1, 1), (1, -1)) 0.387420489
(((5, 4), 1, 1, 1), (0, -1)) 0.282429536481
(((0, 0), 1, 0, 1), (1, 1)) 1.0
(((5, 5), 1, 1, 1), (0, -1)) 0.31381059609
(((1, 1), 1, 0, 1), (1, 1)) 0.9
(((2, 7), 1, 0, 1), 'openDoor') 0.4782969
(((6, 1), 1, 1, 1), (0, -1)) 0.205891132095
(((6, 2), 1, 1, 1), (0, -1)) 0.22876792455
(((2, 5), 1, 0, 1), (0, 1)) 0.59049
(1.8530201888518418, 1.500946352969992) 0.352073835882
() 0.352073835882
relevant constraints set([(0, 11), (1, 11)])
number of dom pis 3
queries [()]
q ()
r pi
(((3, 9), 1, 0, 1), (1, -1)) 0.387420489
(((6, 1), 1, 0, 1), (0, -1)) 0.166771816997
(((5, 3), 1, 0, 1), (1, -1)) 0.205891132095
(((6, 2), 1, 0, 1), (0, -1)) 0.185302018885
(((2, 6), 1, 0, 1), (0, 1)) 0.531441
(((6, 0), 1, 0, 0), (0, 0)) 1.35085171767
(((1, 3), 1, 0, 1), (0, 1)) 0.729
(((4, 7), 1, 0, 1), (0, -1)) 0.31381059609
(((6, 0), 1, 0, 1), 'turnOffSwitch') 0.150094635297
(((0, 0), 1, 0, 1), (1, 1)) 1.0
(((1, 2), 1, 0, 1), (0, 1)) 0.81
(((4, 6), 1, 0, 1), (0, -1)) 0.282429536481
(((2, 8), 1, 0, 1), (1, 1)) 0.43046721
(((4, 8), 1, 0, 1), (0, -1)) 0.3486784401
(((4, 5), 1, 0, 1), (0, -1)) 0.254186582833
(((2, 7), 1, 0, 1), (0, 1)) 0.4782969
(((4, 4), 1, 0, 1), (1, -1)) 0.22876792455
(((2, 5), 1, 0, 1), (0, 1)) 0.59049
(((1, 1), 1, 0, 1), (0, 1)) 0.9
(((1, 4), 1, 0, 1), (1, 1)) 0.6561
h pi
(((2, 1), 1, 0, 1), 'openDoor') 0.81
(((1, 1), 1, 0, 1), (1, 0)) 0.9
(((3, 1), 1, 1, 1), (1, -1)) 0.6561
(((6, 0), 1, 1, 0), (0, 0)) 4.3046721
(((2, 1), 1, 1, 1), (1, 0)) 0.729
(((0, 0), 1, 0, 1), (1, 1)) 1.0
(((6, 0), 1, 1, 1), 'turnOffSwitch') 0.4782969
(((5, 0), 1, 1, 1), (1, 0)) 0.531441
(((4, 0), 1, 1, 1), (1, 0)) 0.59049
(4.7829690000000014, 1.500946352969992) 3.28202264703
VCAdv set([(0, 11), (1, 11), (0, 3)])
r pi
(((3, 9), 1, 0, 1), (1, -1)) 0.387420489
(((6, 1), 1, 0, 1), (0, -1)) 0.166771816997
(((5, 3), 1, 0, 1), (1, -1)) 0.205891132095
(((6, 2), 1, 0, 1), (0, -1)) 0.185302018885
(((2, 6), 1, 0, 1), (0, 1)) 0.531441
(((6, 0), 1, 0, 0), (0, 0)) 1.35085171767
(((1, 3), 1, 0, 1), (0, 1)) 0.729
(((4, 7), 1, 0, 1), (0, -1)) 0.31381059609
(((6, 0), 1, 0, 1), 'turnOffSwitch') 0.150094635297
(((0, 0), 1, 0, 1), (1, 1)) 1.0
(((1, 2), 1, 0, 1), (0, 1)) 0.81
(((4, 6), 1, 0, 1), (0, -1)) 0.282429536481
(((2, 8), 1, 0, 1), (1, 1)) 0.43046721
(((4, 8), 1, 0, 1), (0, -1)) 0.3486784401
(((4, 5), 1, 0, 1), (0, -1)) 0.254186582833
(((2, 7), 1, 0, 1), (0, 1)) 0.4782969
(((4, 4), 1, 0, 1), (1, -1)) 0.22876792455
(((2, 5), 1, 0, 1), (0, 1)) 0.59049
(((1, 1), 1, 0, 1), (0, 1)) 0.9
(((1, 4), 1, 0, 1), (1, 1)) 0.6561
h pi
(((2, 1), 1, 0, 1), 'openDoor') 0.81
(((1, 1), 1, 0, 1), (1, 0)) 0.9
(((3, 1), 1, 1, 1), (1, -1)) 0.6561
(((6, 0), 1, 1, 0), (0, 0)) 4.3046721
(((2, 1), 1, 1, 1), (1, 0)) 0.729
(((0, 0), 1, 0, 1), (1, 1)) 1.0
(((6, 0), 1, 1, 1), 'turnOffSwitch') 0.4782969
(((5, 0), 1, 1, 1), (1, 0)) 0.531441
(((4, 0), 1, 1, 1), (1, 0)) 0.59049
(4.7829690000000014, 1.500946352969992) 3.28202264703
() 3.28202264703
relevant constraints set([])
number of dom pis 1
queries [()]
q ()
r pi
(((3, 9), 1, 0, 1), (1, -1)) 0.387420489
(((5, 7), 1, 0, 1), (0, -1)) 0.31381059609
(((5, 4), 1, 0, 1), (0, -1)) 0.22876792455
(((5, 1), 1, 0, 1), (1, -1)) 0.166771816997
(((2, 6), 1, 0, 1), (0, 1)) 0.531441
(((2, 4), 1, 0, 1), (0, 1)) 0.6561
(((5, 5), 1, 0, 1), (0, -1)) 0.254186582833
(((6, 0), 1, 0, 0), (0, 0)) 1.35085171767
(((2, 3), 1, 0, 1), (0, 1)) 0.729
(((6, 0), 1, 0, 1), 'turnOffSwitch') 0.150094635297
(((2, 2), 1, 0, 1), (0, 1)) 0.81
(((4, 8), 1, 0, 1), (1, -1)) 0.3486784401
(((5, 3), 1, 0, 1), (0, -1)) 0.205891132095
(((0, 0), 1, 0, 1), (1, 1)) 1.0
(((2, 8), 1, 0, 1), (1, 1)) 0.43046721
(((1, 1), 1, 0, 1), (1, 1)) 0.9
(((5, 6), 1, 0, 1), (0, -1)) 0.282429536481
(((5, 2), 1, 0, 1), (0, -1)) 0.185302018885
(((2, 5), 1, 0, 1), (0, 1)) 0.59049
(((2, 7), 1, 0, 1), (0, 1)) 0.4782969
h pi
(((3, 9), 1, 0, 1), (1, -1)) 0.387420489
(((5, 7), 1, 0, 1), (0, -1)) 0.31381059609
(((5, 4), 1, 0, 1), (0, -1)) 0.22876792455
(((5, 1), 1, 0, 1), (1, -1)) 0.166771816997
(((2, 6), 1, 0, 1), (0, 1)) 0.531441
(((2, 4), 1, 0, 1), (0, 1)) 0.6561
(((5, 5), 1, 0, 1), (0, -1)) 0.254186582833
(((6, 0), 1, 0, 0), (0, 0)) 1.35085171767
(((2, 3), 1, 0, 1), (0, 1)) 0.729
(((6, 0), 1, 0, 1), 'turnOffSwitch') 0.150094635297
(((2, 2), 1, 0, 1), (0, 1)) 0.81
(((4, 8), 1, 0, 1), (1, -1)) 0.3486784401
(((5, 3), 1, 0, 1), (0, -1)) 0.205891132095
(((0, 0), 1, 0, 1), (1, 1)) 1.0
(((2, 8), 1, 0, 1), (1, 1)) 0.43046721
(((1, 1), 1, 0, 1), (1, 1)) 0.9
(((5, 6), 1, 0, 1), (0, -1)) 0.282429536481
(((5, 2), 1, 0, 1), (0, -1)) 0.185302018885
(((2, 5), 1, 0, 1), (0, 1)) 0.59049
(((2, 7), 1, 0, 1), (0, 1)) 0.4782969
(1.500946352969992, 1.500946352969992) 0.0
VCAdv set([(0, 6), (0, 3)])
r pi
(((3, 9), 1, 0, 1), (1, -1)) 0.387420489
(((5, 7), 1, 0, 1), (0, -1)) 0.31381059609
(((5, 4), 1, 0, 1), (0, -1)) 0.22876792455
(((5, 1), 1, 0, 1), (1, -1)) 0.166771816997
(((2, 6), 1, 0, 1), (0, 1)) 0.531441
(((2, 4), 1, 0, 1), (0, 1)) 0.6561
(((5, 5), 1, 0, 1), (0, -1)) 0.254186582833
(((6, 0), 1, 0, 0), (0, 0)) 1.35085171767
(((2, 3), 1, 0, 1), (0, 1)) 0.729
(((6, 0), 1, 0, 1), 'turnOffSwitch') 0.150094635297
(((2, 2), 1, 0, 1), (0, 1)) 0.81
(((4, 8), 1, 0, 1), (1, -1)) 0.3486784401
(((5, 3), 1, 0, 1), (0, -1)) 0.205891132095
(((0, 0), 1, 0, 1), (1, 1)) 1.0
(((2, 8), 1, 0, 1), (1, 1)) 0.43046721
(((1, 1), 1, 0, 1), (1, 1)) 0.9
(((5, 6), 1, 0, 1), (0, -1)) 0.282429536481
(((5, 2), 1, 0, 1), (0, -1)) 0.185302018885
(((2, 5), 1, 0, 1), (0, 1)) 0.59049
(((2, 7), 1, 0, 1), (0, 1)) 0.4782969
h pi
(((3, 9), 1, 0, 1), (1, -1)) 0.387420489
(((5, 7), 1, 0, 1), (0, -1)) 0.31381059609
(((5, 4), 1, 0, 1), (0, -1)) 0.22876792455
(((5, 1), 1, 0, 1), (1, -1)) 0.166771816997
(((2, 6), 1, 0, 1), (0, 1)) 0.531441
(((2, 4), 1, 0, 1), (0, 1)) 0.6561
(((5, 5), 1, 0, 1), (0, -1)) 0.254186582833
(((6, 0), 1, 0, 0), (0, 0)) 1.35085171767
(((2, 3), 1, 0, 1), (0, 1)) 0.729
(((6, 0), 1, 0, 1), 'turnOffSwitch') 0.150094635297
(((2, 2), 1, 0, 1), (0, 1)) 0.81
(((4, 8), 1, 0, 1), (1, -1)) 0.3486784401
(((5, 3), 1, 0, 1), (0, -1)) 0.205891132095
(((0, 0), 1, 0, 1), (1, 1)) 1.0
(((2, 8), 1, 0, 1), (1, 1)) 0.43046721
(((1, 1), 1, 0, 1), (1, 1)) 0.9
(((5, 6), 1, 0, 1), (0, -1)) 0.282429536481
(((5, 2), 1, 0, 1), (0, -1)) 0.185302018885
(((2, 5), 1, 0, 1), (0, 1)) 0.59049
(((2, 7), 1, 0, 1), (0, 1)) 0.4782969
(1.500946352969992, 1.500946352969992) 0.0
() 0.0
relevant constraints set([(0, 11), (1, 11)])
number of dom pis 3
queries [()]
q ()
r pi
(((3, 9), 1, 0, 1), (1, -1)) 0.387420489
(((6, 1), 1, 0, 1), (0, -1)) 0.166771816997
(((5, 3), 1, 0, 1), (1, -1)) 0.205891132095
(((6, 2), 1, 0, 1), (0, -1)) 0.185302018885
(((2, 6), 1, 0, 1), (0, 1)) 0.531441
(((6, 0), 1, 0, 0), (0, 0)) 1.35085171767
(((1, 3), 1, 0, 1), (0, 1)) 0.729
(((4, 7), 1, 0, 1), (0, -1)) 0.31381059609
(((6, 0), 1, 0, 1), 'turnOffSwitch') 0.150094635297
(((4, 5), 1, 0, 1), (0, -1)) 0.254186582833
(((0, 0), 1, 0, 1), (1, 1)) 1.0
(((1, 2), 1, 0, 1), (0, 1)) 0.81
(((4, 6), 1, 0, 1), (0, -1)) 0.282429536481
(((2, 8), 1, 0, 1), (1, 1)) 0.43046721
(((4, 8), 1, 0, 1), (0, -1)) 0.3486784401
(((2, 7), 1, 0, 1), (0, 1)) 0.4782969
(((4, 4), 1, 0, 1), (1, -1)) 0.22876792455
(((2, 5), 1, 0, 1), (0, 1)) 0.59049
(((1, 1), 1, 0, 1), (0, 1)) 0.9
(((1, 4), 1, 0, 1), (1, 1)) 0.6561
h pi
(((2, 2), 1, 1, 1), (1, 0)) 0.729
(((6, 0), 1, 1, 0), (0, 0)) 4.3046721
(((4, 2), 1, 1, 1), (1, -1)) 0.59049
(((3, 2), 1, 1, 1), (1, 0)) 0.6561
(((0, 0), 1, 0, 1), (1, 1)) 1.0
(((6, 0), 1, 1, 1), 'turnOffSwitch') 0.4782969
(((1, 1), 1, 0, 1), (1, 1)) 0.9
(((5, 1), 1, 1, 1), (1, -1)) 0.531441
(((2, 2), 1, 0, 1), 'openDoor') 0.81
(4.7829690000000014, 1.500946352969992) 3.28202264703
VCAdv set([(0, 11), (1, 11)])
r pi
(((3, 9), 1, 0, 1), (1, -1)) 0.387420489
(((6, 1), 1, 0, 1), (0, -1)) 0.166771816997
(((5, 3), 1, 0, 1), (1, -1)) 0.205891132095
(((6, 2), 1, 0, 1), (0, -1)) 0.185302018885
(((2, 6), 1, 0, 1), (0, 1)) 0.531441
(((6, 0), 1, 0, 0), (0, 0)) 1.35085171767
(((1, 3), 1, 0, 1), (0, 1)) 0.729
(((4, 7), 1, 0, 1), (0, -1)) 0.31381059609
(((6, 0), 1, 0, 1), 'turnOffSwitch') 0.150094635297
(((4, 5), 1, 0, 1), (0, -1)) 0.254186582833
(((0, 0), 1, 0, 1), (1, 1)) 1.0
(((1, 2), 1, 0, 1), (0, 1)) 0.81
(((4, 6), 1, 0, 1), (0, -1)) 0.282429536481
(((2, 8), 1, 0, 1), (1, 1)) 0.43046721
(((4, 8), 1, 0, 1), (0, -1)) 0.3486784401
(((2, 7), 1, 0, 1), (0, 1)) 0.4782969
(((4, 4), 1, 0, 1), (1, -1)) 0.22876792455
(((2, 5), 1, 0, 1), (0, 1)) 0.59049
(((1, 1), 1, 0, 1), (0, 1)) 0.9
(((1, 4), 1, 0, 1), (1, 1)) 0.6561
h pi
(((2, 2), 1, 1, 1), (1, 0)) 0.729
(((6, 0), 1, 1, 0), (0, 0)) 4.3046721
(((4, 2), 1, 1, 1), (1, -1)) 0.59049
(((3, 2), 1, 1, 1), (1, 0)) 0.6561
(((0, 0), 1, 0, 1), (1, 1)) 1.0
(((6, 0), 1, 1, 1), 'turnOffSwitch') 0.4782969
(((1, 1), 1, 0, 1), (1, 1)) 0.9
(((5, 1), 1, 1, 1), (1, -1)) 0.531441
(((2, 2), 1, 0, 1), 'openDoor') 0.81
(4.7829690000000014, 1.500946352969992) 3.28202264703
() 3.28202264703
relevant constraints set([(0, 11), (1, 11)])
number of dom pis 3
queries [()]
q ()
r pi
(((3, 9), 1, 0, 1), (1, -1)) 0.387420489
(((6, 1), 1, 0, 1), (0, -1)) 0.166771816997
(((5, 3), 1, 0, 1), (1, -1)) 0.205891132095
(((6, 2), 1, 0, 1), (0, -1)) 0.185302018885
(((2, 6), 1, 0, 1), (0, 1)) 0.531441
(((6, 0), 1, 0, 0), (0, 0)) 1.35085171767
(((1, 3), 1, 0, 1), (0, 1)) 0.729
(((4, 7), 1, 0, 1), (0, -1)) 0.31381059609
(((6, 0), 1, 0, 1), 'turnOffSwitch') 0.150094635297
(((4, 5), 1, 0, 1), (0, -1)) 0.254186582833
(((0, 0), 1, 0, 1), (1, 1)) 1.0
(((1, 2), 1, 0, 1), (0, 1)) 0.81
(((4, 6), 1, 0, 1), (0, -1)) 0.282429536481
(((2, 8), 1, 0, 1), (1, 1)) 0.43046721
(((4, 8), 1, 0, 1), (0, -1)) 0.3486784401
(((2, 7), 1, 0, 1), (0, 1)) 0.4782969
(((4, 4), 1, 0, 1), (1, -1)) 0.22876792455
(((2, 5), 1, 0, 1), (0, 1)) 0.59049
(((1, 1), 1, 0, 1), (0, 1)) 0.9
(((1, 4), 1, 0, 1), (1, 1)) 0.6561
h pi
(((2, 2), 1, 1, 1), (1, 0)) 0.729
(((6, 0), 1, 1, 0), (0, 0)) 4.3046721
(((4, 2), 1, 1, 1), (1, -1)) 0.59049
(((3, 2), 1, 1, 1), (1, 0)) 0.6561
(((0, 0), 1, 0, 1), (1, 1)) 1.0
(((6, 0), 1, 1, 1), 'turnOffSwitch') 0.4782969
(((1, 1), 1, 0, 1), (1, 1)) 0.9
(((5, 1), 1, 1, 1), (1, -1)) 0.531441
(((2, 2), 1, 0, 1), 'openDoor') 0.81
(4.7829690000000014, 1.500946352969992) 3.28202264703
VCAdv set([(0, 6), (0, 11), (1, 11)])
r pi
(((3, 9), 1, 0, 1), (1, -1)) 0.387420489
(((6, 1), 1, 0, 1), (0, -1)) 0.166771816997
(((5, 3), 1, 0, 1), (1, -1)) 0.205891132095
(((6, 2), 1, 0, 1), (0, -1)) 0.185302018885
(((2, 6), 1, 0, 1), (0, 1)) 0.531441
(((6, 0), 1, 0, 0), (0, 0)) 1.35085171767
(((1, 3), 1, 0, 1), (0, 1)) 0.729
(((4, 7), 1, 0, 1), (0, -1)) 0.31381059609
(((6, 0), 1, 0, 1), 'turnOffSwitch') 0.150094635297
(((4, 5), 1, 0, 1), (0, -1)) 0.254186582833
(((0, 0), 1, 0, 1), (1, 1)) 1.0
(((1, 2), 1, 0, 1), (0, 1)) 0.81
(((4, 6), 1, 0, 1), (0, -1)) 0.282429536481
(((2, 8), 1, 0, 1), (1, 1)) 0.43046721
(((4, 8), 1, 0, 1), (0, -1)) 0.3486784401
(((2, 7), 1, 0, 1), (0, 1)) 0.4782969
(((4, 4), 1, 0, 1), (1, -1)) 0.22876792455
(((2, 5), 1, 0, 1), (0, 1)) 0.59049
(((1, 1), 1, 0, 1), (0, 1)) 0.9
(((1, 4), 1, 0, 1), (1, 1)) 0.6561
h pi
(((2, 2), 1, 1, 1), (1, 0)) 0.729
(((6, 0), 1, 1, 0), (0, 0)) 4.3046721
(((4, 2), 1, 1, 1), (1, -1)) 0.59049
(((3, 2), 1, 1, 1), (1, 0)) 0.6561
(((0, 0), 1, 0, 1), (1, 1)) 1.0
(((6, 0), 1, 1, 1), 'turnOffSwitch') 0.4782969
(((1, 1), 1, 0, 1), (1, 1)) 0.9
(((5, 1), 1, 1, 1), (1, -1)) 0.531441
(((2, 2), 1, 0, 1), 'openDoor') 0.81
(4.7829690000000014, 1.500946352969992) 3.28202264703
() 3.28202264703
Killed
relevant constraints set([(0, 11), (1, 11)])
number of dom pis 3
r pi
(((3, 9), 1, 0, 1), (1, -1)) 0.387420489
(((5, 7), 1, 0, 1), (0, -1)) 0.31381059609
(((5, 4), 1, 0, 1), (0, -1)) 0.22876792455
(((5, 1), 1, 0, 1), (1, -1)) 0.166771816997
(((2, 6), 1, 0, 1), (0, 1)) 0.531441
(((2, 4), 1, 0, 1), (0, 1)) 0.6561
(((5, 5), 1, 0, 1), (0, -1)) 0.254186582833
(((6, 0), 1, 0, 0), (0, 0)) 1.35085171767
(((2, 3), 1, 0, 1), (0, 1)) 0.729
(((6, 0), 1, 0, 1), 'turnOffSwitch') 0.150094635297
(((2, 2), 1, 0, 1), (0, 1)) 0.81
(((4, 8), 1, 0, 1), (1, -1)) 0.3486784401
(((5, 3), 1, 0, 1), (0, -1)) 0.205891132095
(((0, 0), 1, 0, 1), (1, 1)) 1.0
(((2, 8), 1, 0, 1), (1, 1)) 0.43046721
(((1, 1), 1, 0, 1), (1, 1)) 0.9
(((5, 6), 1, 0, 1), (0, -1)) 0.282429536481
(((5, 2), 1, 0, 1), (0, -1)) 0.185302018885
(((2, 5), 1, 0, 1), (0, 1)) 0.59049
(((2, 7), 1, 0, 1), (0, 1)) 0.4782969
h pi
(((4, 6), 1, 1, 1), (1, -1)) 0.3486784401
(((2, 7), 1, 1, 1), (1, 0)) 0.43046721
(((2, 6), 1, 0, 1), (0, 1)) 0.531441
(((6, 0), 1, 1, 1), 'turnOffSwitch') 0.185302018885
(((2, 4), 1, 0, 1), (0, 1)) 0.6561
(((5, 3), 1, 1, 1), (1, -1)) 0.254186582833
(((6, 0), 1, 1, 0), (0, 0)) 1.66771816997
(((2, 3), 1, 0, 1), (0, 1)) 0.729
(((2, 2), 1, 0, 1), (0, 1)) 0.81
(((3, 7), 1, 1, 1), (1, -1)) 0.387420489
(((5, 4), 1, 1, 1), (0, -1)) 0.282429536481
(((0, 0), 1, 0, 1), (1, 1)) 1.0
(((5, 5), 1, 1, 1), (0, -1)) 0.31381059609
(((1, 1), 1, 0, 1), (1, 1)) 0.9
(((2, 7), 1, 0, 1), 'openDoor') 0.4782969
(((6, 1), 1, 1, 1), (0, -1)) 0.205891132095
(((6, 2), 1, 1, 1), (0, -1)) 0.22876792455
(((2, 5), 1, 0, 1), (0, 1)) 0.59049
(1.8530201888518418, 1.500946352969992) 0.352073835882
() 0.352073835882
relevant constraints set([(0, 11), (1, 11)])
number of dom pis 3
r pi
(((3, 9), 1, 0, 1), (1, -1)) 0.387420489
(((6, 1), 1, 0, 1), (0, -1)) 0.166771816997
(((5, 3), 1, 0, 1), (1, -1)) 0.205891132095
(((6, 2), 1, 0, 1), (0, -1)) 0.185302018885
(((2, 6), 1, 0, 1), (0, 1)) 0.531441
(((6, 0), 1, 0, 0), (0, 0)) 1.35085171767
(((1, 3), 1, 0, 1), (0, 1)) 0.729
(((4, 7), 1, 0, 1), (0, -1)) 0.31381059609
(((6, 0), 1, 0, 1), 'turnOffSwitch') 0.150094635297
(((0, 0), 1, 0, 1), (1, 1)) 1.0
(((1, 2), 1, 0, 1), (0, 1)) 0.81
(((4, 6), 1, 0, 1), (0, -1)) 0.282429536481
(((2, 8), 1, 0, 1), (1, 1)) 0.43046721
(((4, 8), 1, 0, 1), (0, -1)) 0.3486784401
(((4, 5), 1, 0, 1), (0, -1)) 0.254186582833
(((2, 7), 1, 0, 1), (0, 1)) 0.4782969
(((4, 4), 1, 0, 1), (1, -1)) 0.22876792455
(((2, 5), 1, 0, 1), (0, 1)) 0.59049
(((1, 1), 1, 0, 1), (0, 1)) 0.9
(((1, 4), 1, 0, 1), (1, 1)) 0.6561
h pi
(((2, 1), 1, 0, 1), 'openDoor') 0.81
(((1, 1), 1, 0, 1), (1, 0)) 0.9
(((3, 1), 1, 1, 1), (1, -1)) 0.6561
(((6, 0), 1, 1, 0), (0, 0)) 4.3046721
(((2, 1), 1, 1, 1), (1, 0)) 0.729
(((0, 0), 1, 0, 1), (1, 1)) 1.0
(((6, 0), 1, 1, 1), 'turnOffSwitch') 0.4782969
(((5, 0), 1, 1, 1), (1, 0)) 0.531441
(((4, 0), 1, 1, 1), (1, 0)) 0.59049
(4.7829690000000014, 1.500946352969992) 3.28202264703
() 3.28202264703
relevant constraints set([])
number of dom pis 1
r pi
(((3, 9), 1, 0, 1), (1, -1)) 0.387420489
(((5, 7), 1, 0, 1), (0, -1)) 0.31381059609
(((5, 4), 1, 0, 1), (0, -1)) 0.22876792455
(((5, 1), 1, 0, 1), (1, -1)) 0.166771816997
(((2, 6), 1, 0, 1), (0, 1)) 0.531441
(((2, 4), 1, 0, 1), (0, 1)) 0.6561
(((5, 5), 1, 0, 1), (0, -1)) 0.254186582833
(((6, 0), 1, 0, 0), (0, 0)) 1.35085171767
(((2, 3), 1, 0, 1), (0, 1)) 0.729
(((6, 0), 1, 0, 1), 'turnOffSwitch') 0.150094635297
(((2, 2), 1, 0, 1), (0, 1)) 0.81
(((4, 8), 1, 0, 1), (1, -1)) 0.3486784401
(((5, 3), 1, 0, 1), (0, -1)) 0.205891132095
(((0, 0), 1, 0, 1), (1, 1)) 1.0
(((2, 8), 1, 0, 1), (1, 1)) 0.43046721
(((1, 1), 1, 0, 1), (1, 1)) 0.9
(((5, 6), 1, 0, 1), (0, -1)) 0.282429536481
(((5, 2), 1, 0, 1), (0, -1)) 0.185302018885
(((2, 5), 1, 0, 1), (0, 1)) 0.59049
(((2, 7), 1, 0, 1), (0, 1)) 0.4782969
h pi
(((3, 9), 1, 0, 1), (1, -1)) 0.387420489
(((5, 7), 1, 0, 1), (0, -1)) 0.31381059609
(((5, 4), 1, 0, 1), (0, -1)) 0.22876792455
(((5, 1), 1, 0, 1), (1, -1)) 0.166771816997
(((2, 6), 1, 0, 1), (0, 1)) 0.531441
(((2, 4), 1, 0, 1), (0, 1)) 0.6561
(((5, 5), 1, 0, 1), (0, -1)) 0.254186582833
(((6, 0), 1, 0, 0), (0, 0)) 1.35085171767
(((2, 3), 1, 0, 1), (0, 1)) 0.729
(((6, 0), 1, 0, 1), 'turnOffSwitch') 0.150094635297
(((2, 2), 1, 0, 1), (0, 1)) 0.81
(((4, 8), 1, 0, 1), (1, -1)) 0.3486784401
(((5, 3), 1, 0, 1), (0, -1)) 0.205891132095
(((0, 0), 1, 0, 1), (1, 1)) 1.0
(((2, 8), 1, 0, 1), (1, 1)) 0.43046721
(((1, 1), 1, 0, 1), (1, 1)) 0.9
(((5, 6), 1, 0, 1), (0, -1)) 0.282429536481
(((5, 2), 1, 0, 1), (0, -1)) 0.185302018885
(((2, 5), 1, 0, 1), (0, 1)) 0.59049
(((2, 7), 1, 0, 1), (0, 1)) 0.4782969
(1.500946352969992, 1.500946352969992) 0.0
() 0.0
relevant constraints set([(0, 11), (1, 11)])
number of dom pis 3
r pi
(((3, 9), 1, 0, 1), (1, -1)) 0.387420489
(((6, 1), 1, 0, 1), (0, -1)) 0.166771816997
(((5, 3), 1, 0, 1), (1, -1)) 0.205891132095
(((6, 2), 1, 0, 1), (0, -1)) 0.185302018885
(((2, 6), 1, 0, 1), (0, 1)) 0.531441
(((6, 0), 1, 0, 0), (0, 0)) 1.35085171767
(((1, 3), 1, 0, 1), (0, 1)) 0.729
(((4, 7), 1, 0, 1), (0, -1)) 0.31381059609
(((6, 0), 1, 0, 1), 'turnOffSwitch') 0.150094635297
(((4, 5), 1, 0, 1), (0, -1)) 0.254186582833
(((0, 0), 1, 0, 1), (1, 1)) 1.0
(((1, 2), 1, 0, 1), (0, 1)) 0.81
(((4, 6), 1, 0, 1), (0, -1)) 0.282429536481
(((2, 8), 1, 0, 1), (1, 1)) 0.43046721
(((4, 8), 1, 0, 1), (0, -1)) 0.3486784401
(((2, 7), 1, 0, 1), (0, 1)) 0.4782969
(((4, 4), 1, 0, 1), (1, -1)) 0.22876792455
(((2, 5), 1, 0, 1), (0, 1)) 0.59049
(((1, 1), 1, 0, 1), (0, 1)) 0.9
(((1, 4), 1, 0, 1), (1, 1)) 0.6561
h pi
(((2, 2), 1, 1, 1), (1, 0)) 0.729
(((6, 0), 1, 1, 0), (0, 0)) 4.3046721
(((4, 2), 1, 1, 1), (1, -1)) 0.59049
(((3, 2), 1, 1, 1), (1, 0)) 0.6561
(((0, 0), 1, 0, 1), (1, 1)) 1.0
(((6, 0), 1, 1, 1), 'turnOffSwitch') 0.4782969
(((1, 1), 1, 0, 1), (1, 1)) 0.9
(((5, 1), 1, 1, 1), (1, -1)) 0.531441
(((2, 2), 1, 0, 1), 'openDoor') 0.81
(4.7829690000000014, 1.500946352969992) 3.28202264703
() 3.28202264703
relevant constraints set([(0, 11), (1, 11)])
number of dom pis 3
r pi
(((3, 9), 1, 0, 1), (1, -1)) 0.387420489
(((6, 1), 1, 0, 1), (0, -1)) 0.166771816997
(((5, 3), 1, 0, 1), (1, -1)) 0.205891132095
(((6, 2), 1, 0, 1), (0, -1)) 0.185302018885
(((2, 6), 1, 0, 1), (0, 1)) 0.531441
(((6, 0), 1, 0, 0), (0, 0)) 1.35085171767
(((1, 3), 1, 0, 1), (0, 1)) 0.729
(((4, 7), 1, 0, 1), (0, -1)) 0.31381059609
(((6, 0), 1, 0, 1), 'turnOffSwitch') 0.150094635297
(((4, 5), 1, 0, 1), (0, -1)) 0.254186582833
(((0, 0), 1, 0, 1), (1, 1)) 1.0
(((1, 2), 1, 0, 1), (0, 1)) 0.81
(((4, 6), 1, 0, 1), (0, -1)) 0.282429536481
(((2, 8), 1, 0, 1), (1, 1)) 0.43046721
(((4, 8), 1, 0, 1), (0, -1)) 0.3486784401
(((2, 7), 1, 0, 1), (0, 1)) 0.4782969
(((4, 4), 1, 0, 1), (1, -1)) 0.22876792455
(((2, 5), 1, 0, 1), (0, 1)) 0.59049
(((1, 1), 1, 0, 1), (0, 1)) 0.9
(((1, 4), 1, 0, 1), (1, 1)) 0.6561
h pi
(((2, 2), 1, 1, 1), (1, 0)) 0.729
(((6, 0), 1, 1, 0), (0, 0)) 4.3046721
(((4, 2), 1, 1, 1), (1, -1)) 0.59049
(((3, 2), 1, 1, 1), (1, 0)) 0.6561
(((0, 0), 1, 0, 1), (1, 1)) 1.0
(((6, 0), 1, 1, 1), 'turnOffSwitch') 0.4782969
(((1, 1), 1, 0, 1), (1, 1)) 0.9
(((5, 1), 1, 1, 1), (1, -1)) 0.531441
(((2, 2), 1, 0, 1), 'openDoor') 0.81
(4.7829690000000014, 1.500946352969992) 3.28202264703
() 3.28202264703
^C^C^C^C^C^C^C^C^C^C^C^C^C^C^C^C^C^C^C^C^C^C^C^C^C^C^C^C^C^C^C^C^C^C^C^C^C^C^C^C^C^CTraceback (most recent call last):
  File "officeNavigation.py", line 255, in <module>
    mr, timeElapsed = classicOfficNav(method, k, numOfCarpets, typeOfQuery, constrainHuman)
  File "officeNavigation.py", line 198, in classicOfficNav
    relCons, domPis = agent.findRelevantConsAndDomPis()
  File "/home/shun/workspace/RLCodeBase/consQueryAgents.py", line 71, in findRelevantConsAndDomPis
    x = self.findConstrainedOptPi(activeCons)
  File "/home/shun/workspace/RLCodeBase/consQueryAgents.py", line 37, in findConstrainedOptPi
    opt, x = lpDual(**mdp)
  File "/home/shun/workspace/RLCodeBase/lp.py", line 47, in lpDual
    return lpDualCplex(S, A, r, T, s0, terminal, gamma, constraints, positiveConstraints, positiveConstraintsOcc)
  File "/home/shun/workspace/RLCodeBase/lp.py", line 59, in lpDualCplex
    m = CPlexModel()
KeyboardInterrupt
^C^C^C^C^C^C^C
[1m[7m%[27m[1m[0m                                                                                                                                                              k..ce/RLCodeBase\[0m[27m[24m[J[01;31mB  [36mRLCodeBase[00m [01;34mgit:([31mmaster[34m) [33m✗[00m [K[?1h=[?2004heexit[?1l>[?2004l
kexit\