0.357142857143
0.0
0.0
0.2693625
0.0
0.0
0.0
0.0
0.333333333333
0.0320745234375
0.303846153846
0.277380952381
0.0
0.137702702703
0.0
0.0294663461538
0.4875
0.0
0.8125
0.298770065037
0.045343465536
0.0
0.0766384613237
0.475
0.0308021484375
0.683333333333
0.321881183448
0.0060504721875
0.0636239144893
0.0443781092958
0.408298042956
0.00956825230061
0.14480277303
0.0301519030743
0.275493964893
0.025368637377
0.0206113593966
0.031264721431
0.536913165167
0.819611692708
0.026941313683
0.365530178511
1.14838326918
0.0
0.0153863777988
0.5
0.439991636091
0.0174693150319
0.0279366221358
0.592794338529
0.34510986076
0.918402750321
0.60698561814
0.0542077832844
0.704878255801
0.231488833071
0.292173198139
0.119116360358
0.223275423912
0.137171008219
1.43970043864
0.0938975590884
0.0532495181335
0.43302469024
0.315309895916
0.633409285368
0.223002588582
0.215773576317
0.173844117923
0.342998913692
0.124800832735
0.167259543395
0.0366379353987
0.163091828844
0.150201163141
0.358742528546
0.148792425684
0.684079176907
0.0928750636652
0.0492801686774
0.755321326152
0.263427734764
0.150523832058
0.0974063664512
0.128298877994
0.0936973195003
0.126250790017
0.074307330337
0.088523581738
0.257219241632
0.64701010267
0.0736396233363
1.078515625
0.0677562975335
1.04277014361
0.126120718254
0.0464077939905
0.108060840164
0.106944778213
0.119853281622
0.155421554118
0.64807550256
0.289377912538
0.210821165844
0.135780910338
0.1309623198
0.0679260951594
0.361113037943
0.0505852738399
0.0606228823671
0.0750054757003
0.281842897944
0.0917744061767
0.200106145179
0.427358115349
0.384567018986
0.0394981515085
0.315120045383
0.0927140178221
0.0803019226865
0.0798778078643
0.488847129162
0.833785476097
0.896218033341
0.932840719558
0.466441580293
0.645829759547
0.0471492495836
0.701716155377
0.0256288489934
0.0497246715243
0.17291094367
0.185682044037
0.158825346814
0.498051422119
0.314722616768
0.0505751058883
0.0496475495137
0.149557725912
0.128419929422
0.111884286814
0.0417260985669
0.0902691504527
0.188936598369
0.496291801904
0.601708004678
0.638003449371
0.0877360208075
0.0495021604879
0.556318863802
0.30863377302
0.115724448619
0.0470270524635
0.0792346743912
0.814306257549
0.308328159759
0.137591041089
0.370560427934
0.455507712868
0.490560131535
0.0567333239927
0.340545238842
0.0692053132957
0.0398255291143
0.42121484398
0.448670705058
0.201686743564
0.297640967203
0.193543023773
0.245488214401
0.73446817059
0.582640163551
0.0855199821909
0.334630702238
0.047265413578
0.11778413215
0.0367571361854
0.328712117704
0.781691950108
0.146604650716
0.596663600361
1.50200489649
0.156565452114
0.0927671672971
0.0902403462202
0.160877077332
0.6822223644
0.339901403221
0.316263671875
0.107852522819
0.17829844751
0.285905328427
0.112835017514
1.25255701318
0.434049186718
0.574451280898
0.106437612409
0.354147077956
0.151290928128
0.821527266917
0.179815148978
0.0940538739503
0.506099029601
0.371109735813
0.586269863579
0.820048662779
0.0645132041057
0.95670771723
0.322355746138
1.11876277444
0.424083812011
0.0569912151475
0.289972626277
0.531842956281
0.0681136825847
0.0798227032384
0.364683495693
0.742041022731
0.0411415177584
0.374856549456
0.495598961859
0.622110652369
0.994026486101
0.52154226348
0.505138016581
0.161972945707
0.535005939183
0.633994804624
0.262799115758
0.463441499896
0.324618846788
0.192661620829
0.225947875786
0.912022998695
0.143412926082
0.287926601268
0.0725048196331
0.345265405808
1.03915953753
0.114860235675
0.438156117477
0.663880335157
0.962246434187
0.199112179814
0.15429355731
0.495570592251
0.124898587189
0.403228544658
0.816202063349
0.584412703206
0.998090216966
1.14385242611
0.896677084055
0.479057570173
0.43222732227
0.650500272046
1.33210188407
0.249986882684
0.237413475967
0.768073572217
0.121789156344
0.695358470905
0.692532992707
0.547883576818
0.680894190258
0.0886344627835
0.721942525744
0.509597915184
0.218412279938
0.531865339226
0.750077147061
0.662592412537
0.219314631014
0.152564601747
0.573115483215
0.40626993665
0.542797286331
0.350231916833
1.37983228343
0.168659921366
0.44336965806
0.123560037448
0.105787008319
0.502864254223
0.12019276746
0.596105513602
0.437547864039
0.716446814231
0.419959781432
0.108143643775
0.347232961395
0.218191247803
0.568506499561
0.991843874037
0.393985538623
0.64883871109
0.719553419856
0.503174607283
0.0368258521646
0.636162782471
0.398114873646
0.136248746099
0.137763307897
0.726091035148
0.136921436797
0.104409262924
0.102321811676
0.676419350202
0.805818498865
0.349880912966
0.387942012873
0.48747917117
0.0984091976465
0.710697037359
0.51331886148
0.0728346892841
0.128449553004
0.460393799104
0.360204862776
0.867127738783
0.631867119506
0.145679658355
0.286126101941
0.0603569040933
0.519817957865
0.635459753895
0.372271309724
0.587517653917
0.688240227199
0.168264311553
1.03691909014
0.53679922469
0.0649197057737
0.642251907894
0.843660881484
0.194170750605
0.115065210666
0.244768039418
0.687221633747
0.826176028077
0.44882219387
0.039754476316
0.129585582107
0.758285816737
0.385411663787
0.516550248179
0.615355343116
0.543541271721
0.0967124158602
0.574077740571
0.82335533211
0.744010072472
0.681051968871
0.176819115182
0.971519061943
0.778457306506
0.58465706486
0.210392874901
1.1650989833
0.112232530779
0.102353811015
0.919033756198
0.837357838708
0.717612552971
0.503369816907
0.471391416835
0.447741970843
0.178507209484
0.414135048618
0.532145697738
0.502453793971
0.723554672709
0.545357958865
0.722803843519
0.4959799838
0.601849653065
0.554211802432
0.316304493776
0.679753665279
0.464810226395
0.704771271892
0.457079642241
0.44132500131
0.377123597357
0.501607648922
0.433570090269
0.462015520472
0.687405779729
0.257756176664
0.318075506979
0.0580810294
0.542032283134
0.310437256795
0.208353865789
0.192833077259
0.634877261999
0.382773714104
0.494001460702
0.358013361846
0.140170693186
0.144975068976
0.700334635276
0.290614887371
0.707169578231
0.474317413692
0.505520222491
0.773928625053
0.961262165857
0.253172782308
0.289805103881
0.106340562398
1.84800248687
0.963890805644
1.13985303893
0.0932221949874
1.19954350806
0.190041226354
0.677511094402
0.474813704733
0.168111479522
0.538463092036
0.435813884793
0.128787885711
0.811599047685
0.481167742816
0.156291888926
0.448476503159
0.23715750399
0.271333850211
0.414960959916
0.0662076300732
0.0748673998182
1.30343146822
0.442917866572
0.158306279035
0.19740947552
0.968379020753
0.0828450008659
0.291314999588
0.532231185686
0.564478492908
0.466344421757
0.185013497404
0.48920480572
0.525618977222
0.207247243276
0.500560146195
0.547348123521
0.490547214998
0.414091916229
0.433808164991
0.165186595848
0.773974327067
0.367773278071
0.0854790308794
0.912382375998
0.531435523152
0.67628306537
0.550737665127
0.438717320638
0.461832772666
0.819825391392
0.640430543869
0.321989691668
0.793121829106
0.670818076541
0.471918917993
0.656228841166
0.46088021721
0.427890547967
0.788434671698
0.594259566505
0.412985303357
0.543844893517
0.55222202718
0.509877857042
0.211560693949
0.241255202687
0.891550669907
0.398591044259
0.166062859731
1.30266874455
0.532352431967
0.617323640944
0.666430235776
0.440760686279
0.618738336479
0.327674515489
0.498521548258
0.417436412037
0.498747258111
1.38826210861
0.375762420759
0.540409987347
0.319567045976
0.382754859101
0.157672897869
0.594068336662
0.0887331964029
0.509677951995
0.834437662007
0.153731510535
0.309793243398
0.505088795727
0.278659400036
0.797356289735
0.675677037496
0.418879661176
0.809898996431
0.59861289009
0.67553508903
0.583313403236
0.546454403439
0.600535490676
0.37716719462
0.125359231044
0.199540163607
0.135507387962
0.466033856997
0.151120421416
0.537102583232
0.276322575477
0.513011904385
0.682057950453
0.370440301652
1.04952141998
0.369523400855
0.182824359036
0.790578321828
0.458128407548
0.766480185181
0.898810207167
0.699366553626
0.618647252311
0.941035605618
0.508645103012
0.153131960947
1.17422188265
1.07835115531
0.565173751532
1.00065697042
0.349387654668
0.3614917498
0.644280843703
0.178221544692
0.589558168334
0.678081162339
0.309517882307
0.469675121021
0.531916780251
0.433163918349
0.471999464036
0.791905752638
0.513858755418
0.447778931287
0.630219027968
0.553456927077
0.418420662122
0.545737590541
0.4673264821
0.287690954132
0.380743789985
0.589153149066
0.59034936839
0.811375180879
0.91607923304
0.498800762608
1.06768268494
0.592048311929
0.459921586201
0.352730877789
0.573722167088
0.737985284788
0.534376334053
0.39238848067
0.79906092228
0.616517950132
0.490844471232
0.643860917873
0.910202256301
0.498923877676
0.458665135041
0.542991293225
0.894119185229
0.711911150112
0.658867556572
0.497987129232
0.336160878404
0.60560490985
0.586065151215
0.777239285112
0.719682319373
0.416308637924
0.684388217668
0.248013918364
0.468875937404
0.825795028656
0.461063926002
0.342944828329
0.486866705869
0.445040367265
0.929161649284
1.07770529928
0.552981178395
0.580075546494
0.263030498203
0.147217566164
0.69612422077
0.494377030243
0.646579631952
0.771686644819
0.91244587012
0.80070343387
0.531584453071
0.411848002832
0.542482702741
0.845672116186
0.832791173574
0.38838362764
0.778943000072
0.564060001467
0.492832081282
0.212138575193
0.682338202271
0.466918686199
0.563339388582
0.622705857764
0.416598859334
0.308304631802
0.841199215863
0.530600584568
0.285525338617
0.515749818279
0.41688489254
0.532053660494
0.586276039916
0.487368905341
0.59517530145
0.535665373674
0.597507981408
0.438905073354
0.493920187352
0.700598306092
0.512098018229
0.31968202412
0.486274084364
0.492448713914
0.376064067209
0.552085684629
0.697357607221
0.662495403922
0.782435301504
0.435090183719
0.446474958994
0.477616014374
0.513928156303
0.613920203697
0.0293168527184
0.345104033267
0.633370412177
0.48675170562
0.426913760582
1.05965058046
0.448820668803
0.680385718973
0.652079070314
0.616369852887
0.688018042663
0.0
0.424817428441
0.560290379054
0.417617989166
0.580764776886
0.637749548299
0.41497094243
0.394960081997
0.414964959726
0.693469489662
0.22983100347
0.471223542666
0.541073927246
0.646157696041
0.187629747805
0.491883683802
0.562841888737
0.245197913955
0.642843300459
0.870445282023
0.54318164341
0.391464981125
0.621129505743
0.502430793835
0.421773047751
0.507432103368
0.432748031756
0.551463938945
1.01739682747
0.597402480267
1.23034263091
0.517482138172
0.983225891823
0.475176591502
0.446769086933
0.502483809626
0.464148895663
0.394973573854
0.38291780057
0.271867688201
0.432033149558
0.518117153411
0.623985968833
0.731141966786
0.339376202442
0.735649980709
0.703662656291
0.70444467506
0.554174432285
0.535263849957
0.483813459725
0.981470478578
1.09795629672
0.660882000166
0.539165832984
0.548125057816
0.321128177597
0.559299956575
0.683917155799
0.673477609825
0.608545204197
0.365599419209
0.560317237802
0.471573891483
0.534235734386
0.633087238451
0.555701400261
0.461604073633
0.379925525523
0.740842600898
0.687847452763
0.376337333641
0.763055106166
0.484904816723
0.532168609048
0.531665190247
0.497066056036
0.53662143231
0.510871420245
0.585712748448
1.49837241481
0.523990347794
0.415221745203
0.486969504467
0.385668087189
0.746125479271
0.17495593121
0.499558074047
0.410902547967
0.381534838271
0.485175245625
0.118946698429
0.381900582252
0.362005907897
0.364813761062
0.555200358309
0.352178395919
0.341544391259
0.506735238096
0.75902140681
0.649325781631
0.18847149016
0.739152521806
0.426461738697
0.500695789487
0.508473826
0.772277939051
0.477915335765
0.471430650058
0.599144047364
0.431369246756
0.459492644927
0.46377009116
0.495144843495
0.568963363591
0.641589509878
0.808504003069
0.40352676383
0.406561871762
0.6092236506
0.405226403155
0.808774696768
0.438678789527
0.415361829933
0.486063603881
0.329687013471
0.452852019835
0.416466632143
0.224022419985
0.399378630839
0.239853343514
0.641109753601
0.36890729788
0.624856350991
0.77379817676
0.234885816382
1.03487563861
0.750360216057
0.51697642656
0.682263795917
0.890333914955
0.54971815368
0.498440997802
1.24021802385
0.450405725292
0.463966140271
0.587307005965
0.578432904679
0.543621863675
0.510762600426
0.920529677735
0.348520900308
0.576548021634
0.518068415164
0.491064570866
0.43862687244
0.769649238076
0.558020132075
0.837973316737
0.660512098023
0.611328472466
1.43375872017
0.496018410868
0.575781912895
0.427668884699
0.248431454653
0.468697861955
0.354132369275
0.365617199798
0.761991530427
0.426970262325
0.487716558632
0.285624572878
0.566961314594
0.738796288264
0.495435452462
0.239079969656
0.49893654265
0.470149902848
1.41661388878
0.534332664658
1.33597572945
0.713267248047
0.323241830183
0.626417546598
0.606830579047
0.506274181343
0.571794271312
0.756230917862
0.636465954171
0.401545080482
0.514209715739
4.19962718351
0.543698266314
0.337970402959
0.711107612939
0.74610156981
0.408186068379
0.512067195919
0.638884633486
0.331581676116
0.449313611007
0.698657003197
0.564302889278
0.371249918554
0.375188230526
0.524681461767
0.379729083992
0.589892904314
0.571477449029
0.482474810275
0.324837974265
0.547780582788
0.57456127736
0.245707505308
0.323451153527
0.409649292093
0.28557932275
0.474078265085
0.625249011284
0.261582455448
0.367102819215
0.28739223047
0.876742962813
0.593457130025
0.638969041421
0.498940625069
0.590340690459
0.587897715629
0.44146682277
0.456264943241
0.719164018352
0.195963286813
0.499502262858
0.408831352521
0.422691138063
0.559479707327
0.765077955691
0.564999879173
0.537512776372
0.47846311149
0.458708834088
0.55880030954
0.381117497922
0.848087115941
0.424807236332
0.330108780934
0.620185448542
0.501747443968
0.300092450074
0.492054918347
0.53666601844
0.563486872689
0.408735459976
0.861504609217
0.456098711181
0.407186651951
0.44634089384
0.438816334505
0.352042802639
0.317307860813
0.49816832501
0.616197869348
0.360435646556
0.355703331405
0.358848320835
0.42382586739
0.212229415159
0.546860430642
0.112221410228
0.849417086727
0.346771777408
0.729806422325
0.499252071918
0.241952805185
0.421850943976
0.576657383781
0.436672641979
0.339306317849
0.330818311977
0.191320493549
3.40682025585
0.533330783999
0.624136388004
0.647503760017
0.763119346
0.447664956277
0.56904962138
0.454110043412
0.396237351783
0.446309872004
0.349908098641
0.266103954215
0.222833242484
1.17408961372
0.512422565762
1.07702917681
0.667538496714
0.931934912962
0.637076246085
0.587464902689
0.462879331039
0.474298285877
0.723040237035
0.682606366068
0.517020924442
0.466111090248
0.475916685268
0.448300325999
0.497055060133
0.263365591444
1.1735754939
0.640349952305
0.392463838157
0.510176067481
1.11719504296
0.589868201538
0.403218722004
0.37307771054
0.58918643798
0.466574753796
0.533570536091
0.609808824442
0.579328308179
0.737004642743
0.496682194352
0.311029495867
0.2332721219
0.457816566999
0.729427749876
0.447703376605
0.711551146802
0.570035753987
0.695357182912
0.683047247195
1.4860304666
0.577128701387
0.243182581535
0.273764460236
0.550620638743
0.498426793999
0.832869402425
0.399596253118
0.289074067651
0.570112629725
0.417805802777
0.458487821342
0.48486595094
0.434422103795
0.41213812195
0.453690208005
0.513513330938
0.503129674669
0.374012790118
0.572544810012
0.447499495206
0.500466878962
0.736760046076
0.546287754541
0.490950107299
0.482072746049
0.538210658533
0.428223257222
0.329871444666
0.362771137464
0.745888782182
0.903550727138
0.730682074718
0.543887765348
0.500946411254
0.447983316779
0.388126763831
0.442368309746
0.591890578606
0.387896493907
0.310500065194
0.56040732219
0.596167634736
0.34369657784
0.65057620085
0.612369656034
0.389498628628
0.319489918116
0.537389335451
0.473521593065
0.511835165129
1.64226505574
0.465232235457
0.47373230688
0.533059826835
0.332180148134
0.335517512765
0.542489665036
1.05017523826
0.26274255534
0.82980566566
0.340250652704
0.649562599728
0.554880519075
0.478896812805
1.53230015797
0.330883536307
0.449885937916
0.301536458073
0.510538210463
0.745121239175
0.409427578923
0.625983912567
0.770521561034
0.283533786132
0.273327144391
0.385802624188
0.537600424614
0.450864362646
0.470698131125
0.344274024865
0.589517977095
1.31126499178
0.440947718193
0.532317827653
0.840428265407
0.453538035045
0.254486557783
0.458923316044
0.48174320181
0.573951695105
0.354314540435
0.933567456759
0.507805423939
0.722731580202
0.726038018371
0.286732021262
0.482300699811
0.41803431339
0.247599734993
0.471886668766
0.359166313608
0.426039699484
0.589245103382
0.299755030357
0.565428085364
0.490527842379
1.07872540787
0.629189919074
0.842896908402
0.242279022101
0.528594444915
0.641965762984
0.49803722486
1.13260870759
0.639196439912
0.4538061915
0.270388484475
0.712613766811
0.507535227255
0.548806118073
0.341826225037
0.889288083432
0.603388096594
0.630313081542
0.459160671191
0.789783155232
0.624429476762
0.308098657723
0.653306372794
0.224990739508
0.452761297874
0.639675493458
0.403384897416
0.534672223194
0.3784111261
0.127269788905
0.432827838994
0.35794120687
0.707113617615
0.443721786636
0.704221434651
0.426814059816
0.331733747292
0.790434197399
0.382256633095
0.843638627724
0.242448304009
0.158527072088
0.384700584332
0.433573111367
0.539382142613
0.491133240074
0.572298137426
0.369065943507
0.45387003299
0.583148685284
0.291401941395
0.45058592798
0.225753643038
0.53140213307
0.550058356943
0.588183253418
1.0975108012
0.384406115221
0.634585685685
0.567783929376
0.484785313882
0.551750313444
0.616806760138
0.613329522819
0.362975043939
0.432215224608
0.244876960117
0.722106437631
0.575304398357
0.583502079613
0.572348068569
0.967621791888
0.583994502537
0.440711126287
0.976660418459
0.414457674212
0.148233918284
0.469180651997
0.60450744393
0.609706744826
0.283896458182
0.292825359885
0.436580856859
0.710001197328
0.6282770761
0.427310919612
0.83325161515
0.366976710541
0.4764558019
3.05314534965
0.696186086773
0.777016584012
0.538798909261
0.445279197469
0.527340609577
0.532419221404
0.747251035244
0.407660619966
0.410392924372
0.573087407835
0.438773820538
0.383990825628
0.291564537015
1.15165691703
1.01489174533
0.59801432142
0.773682118568
0.762042794701
1.07569763211
0.287464204462
0.503318492189
1.36946186215
0.48485900401
2.84640911746
0.471968420928
0.453468025209
0.828310932097
0.550015095488
0.46078973251
0.485698185733
2.28839218999
0.367617065151
0.679814820727
0.580934616453
0.576411731784
0.425451139222
0.755671855202
0.466270151186
0.523926845499
0.590721473396
0.4572290628
0.238605328629
0.466052921945
0.793987425278
0.367030066979
0.433796885187
0.55807745977
0.728621693685
0.662962804967
0.436452937188
0.478975095185
0.654565693853
0.190706651257
0.515270263419
0.517417231198
0.557209225877
0.615496044078
0.575765827081
0.82448927094
0.596279524197
0.512780983181
0.585237322947
0.52695532117
0.409981085476
0.451718346925
0.491489196604
0.548537053978
0.712307474162
0.352831360468
0.478023419503
0.765110513163
0.701424689846
0.52721955848
0.668746705397
0.564851054166
0.950267023963
0.621276724781
0.566286946049
0.630783135004
0.868853535265
0.802048150557
0.593667051741
0.625359554732
0.523182603184
0.735117849469
0.539803329741
0.551489513495
0.347931444242
0.440897220329
0.498172600853
0.744979186409
0.661321512349
0.662094466554
0.660323793997
0.701771475858
0.808038323455
0.439423544223
1.03004885949
0.498181365556
0.587594182741
0.484616858486
1.0892440945
0.466905692667
0.751391075008
0.509352728933
0.666275459969
0.649483676597
0.660702160018
0.369027221266
0.677210599899
0.569532701874
0.601300194168
0.365059438438
0.575997503662
0.740614517025
0.719141253819
0.691348045694
0.561078520518
1.67820890443
0.726210887054
0.659968809397
0.554306693782
0.704945350191
0.550614465858
0.857908633912
0.682203504125
0.739452955458
0.949898133081
0.846837868544
0.625153629023
0.598091784107
0.546866550237
0.475698922327
0.704296823347
0.708676440936
4.25793541513
0.788701931332
0.487822922755
1.68646216434
0.535537523541
0.592146281112
0.727789596875
0.624578036568
0.556590081164
0.352808981618
0.695928825152
0.341699550885
0.635959348957
0.787441126885
0.874096160344
0.673403909629
0.884639264771
0.825064009028
0.542638942207
0.566381928524
0.805906993026
0.741499923196
0.484365615979
0.47899590203
0.63107312521
0.884558098226
0.560988814879
0.828695112652
0.371691078029
0.517576914336
2.32676873399
0.601304285131
1.11307262291
0.742807255727
0.655718185974
0.453349818223
0.730482358283
0.469510686613
0.390821191763
0.83518114045
0.822284433417
0.705098885916
0.60119292956
0.66175340552
0.764082591832
0.605090538452
0.486985049395
0.432875873468
0.644716343977
0.646362027086
0.83280872755
0.9286669192
0.441866064804
0.641526495636
0.824248041102
0.824084922061
0.700465166618
0.678437637099
0.800111125943
0.640060950194
0.558446892691
0.743450181986
0.189522928642
0.717490881752
0.780053446112
0.382062981468
0.487470430031
0.475435870635
0.55296615489
0.422717033316
0.469387390079
0.569525281736
0.133538918733
0.447523881404
0.831210073843
0.545434317749
1.05116791318
0.364363325001
0.529368594179
0.615262552158
0.316606835868
0.806797799459
0.515140567188
0.629320470246
0.531525580781
0.360389608781
0.430587784597
0.584888917992
0.842656634228
0.960192654048
0.657833646838
0.453579709417
0.540134038343
0.57193659336
0.921725022829
0.7127933917
0.252695520178
0.875829926536
0.426388886344
0.603593845554
0.725598361395
0.552352070112
0.357962792654
0.827303717236
0.554312198098
0.477773298658
0.502450770979
0.91417490173
0.484025117387
0.511627856832
0.575004712476
0.672690585298
0.546254800345
0.43316071234
0.626833773157
0.575260139243
0.787212256637
0.842563747919
0.830658385793
0.549063452894
0.837759852669
0.130935792156
0.719053351778
0.519263256089
0.848053700437
0.682390669984
0.468495987669
0.469709287363
0.479755860649
0.676051429969
0.754140621503
0.580865478818
0.790023128202
0.758673300673
1.54538332554
1.38645594365
0.705055950702
0.651576489183
0.656609122056
0.588508928749
0.830733891256
0.839800974605
0.627135585819
0.209505358343
0.612845892262
0.375996715258
0.69347472035
0.623958588627
0.84267961232
0.402471924519
0.411406532637
0.508652016338
0.542610723266
0.568967021501
0.697073559168
0.543499388581
0.792661448738
0.319583456182
0.371739296124
0.593376936751
0.552534678842
0.879356320548
0.752915007686
0.635651995379
0.413056367793
0.508977074164
0.446887417434
0.463330177047
0.453139019984
0.59031698548
0.292333796721
0.387444321399
0.588293220962
0.431034563898
0.401855352069
0.532187028167
0.546027983427
0.396590333185
0.838204498926
0.613102960526
0.49136592208
0.782473834037
0.591565893911
0.482164194042
0.342735753771
0.429596126558
0.477894025891
0.453049722567
0.423004177078
0.437111531655
0.446933122132
0.271012698932
0.643110200151
0.499319027869
0.806613382254
0.32308110396
1.40845711319
0.53826033387
0.611898167421
0.550845556176
0.395335358646
0.479389919691
0.488911073217
0.553986431999
0.432417555458
0.382915699572
0.418717451944
0.461608443585
0.568953327103
0.576035402131
0.399091682118
0.768763470966
0.506439446101
0.958205777681
0.72073201714
0.693051355216
0.618385678666
0.552665562941
0.585396859732
0.563831962492
0.195634036083
0.613052461732
0.622150484605
0.535996994103
0.612945159178
0.384200845473
0.349970324701
0.38538502765
0.531843714656
0.405212333735
0.466295393387
0.490960808158
0.297648069848
0.45355753121
0.556136209558
0.398442608802
0.402106991587
0.622007925543
0.528741916113
0.352042491699
0.65023400397
0.429752425169
0.493586958739
0.642477467894
0.420810489207
0.63629304138
0.641082788407
0.573297463861
0.469379515926
0.72334633438
0.334867149082
0.60852925723
0.610353594499
0.706326416354
0.569279037145
0.356642723444
0.544381505473
0.357664330467
0.645606676765
0.506140395777
0.466591511057
1.49039962704
0.253845418535
0.781880978757
0.994387474645
0.571212715846
0.551412708059
0.542856105653
0.512697652335
0.756770631647
0.31130555133
0.346807061556
0.431347456045
1.04870258189
0.602963397734
0.383361972919
0.546430269884
0.375960830374
0.475734767693
0.504694997234
0.710252718119
0.578658263478
0.684932390267
0.435794931348
0.396936618862
0.54913735664
0.550418987707
0.546799224443
0.463402154387
0.223490340217
0.566344591002
0.301988893103
0.490275704627
0.725840987412
0.426493582689
0.441838311252
0.255154758081
0.195102244824
0.375922441595
0.675644204028
0.366957192367
0.497092831059
0.360990322123
0.505782468416
0.542927757291
0.505059648166
0.335216055928
0.557036184771
0.551121627876
0.754148678179
0.590863895591
0.521052910264
0.69046012539
0.330989944501
0.327460512974
0.340172818451
0.478594028775
0.634533072506
0.637755668484
0.495773317608
0.632095969682
0.438219057578
0.376008186798
0.393103746536
0.455253531854
0.494382178648
0.473697943708
0.704930121656
0.183867696573
0.497115003746
0.700430349733
0.392395307648
0.528615215889
0.632995558596
0.506417616354
0.491818508041
0.527957172992
0.542113263115
0.536786656707
0.666516445238
0.58772160311
0.453105343036
0.457970480158
0.417791647599
0.513703487372
0.38991445092
0.185468061183
0.145658153713
0.444635301331
0.654424564696
0.473415467359
0.429214577839
0.515181062275
0.431820464445
0.355491362429
0.480602903473
0.524970369806
0.638926471593
0.596133727201
0.669885257144
0.892990040652
0.685269457709
0.519981666995
0.550358360992
0.562354653978
0.660782790438
0.718973196226
0.280226885673
0.866724226331
0.447785931781
0.43482999033
0.416727444882
0.683441180965
0.356529871761
0.415362041023
0.518631101412
0.968867773068
0.84982448886
0.464727882783
0.600741675233
0.613548980926
0.403710753035
0.404606177064
0.544632590668
0.492191041803
0.342625240769
0.347654238035
0.473325843693
0.183385638164
0.434962026317
0.390200789384
0.424574979437
0.227692887702
0.270546117758
0.540931360215
0.810794986926
0.502962976484
0.545598407022
0.622863559232
0.635853195145
0.643496263635
0.843111689507
0.396705587489
0.500588289514
0.16385374679
0.732618564249
0.547268186415
0.370842876935
0.538088845717
0.290518898955
0.474238504833
1.83400918405
3.26570373803
0.529568629897
1.15309132513
0.515217270566
0.697268925767
0.502372940866
0.543417701595
0.43436597428
0.638160659008
0.577740564332
0.702292700062
0.478818991102
0.567219784916
0.930177409407
0.511909611494
0.447040581946
0.521124923216
0.393576167733
0.352159767539
0.435990243391
0.465055611168
1.89759741196
0.54991468486
1.13987654095
0.811763463309
1.19123250928
0.794138212516
0.211869296662
0.522962031253
0.580621295375
0.255937587172
0.363307349674
0.427496820071
0.446144956002
0.750090868258
0.599991612955
0.414031883502
0.253876141542
0.607127706536
0.702598505848
0.46484732548
0.679255903023
0.611425442081
0.31719067391
0.245539289352
0.573937720889
0.564213592479
0.45660984107
0.76666310647
0.548393945582
0.398889631736
0.413500508014
0.238721953359
0.43064872047
0.0611238329323
0.483457333748
0.463426498336
0.319498791121
0.332206920789
0.340092827928
0.593848211515
0.387175187952
0.473141907207
0.564159932162
0.675026325644
0.446320207319
0.452712939336
0.560750515211
0.62071415723
0.320713082745
0.5170142453
0.535099943247
0.465875223484
0.379367895183
0.931439614336
0.572627185179
0.698825037891
0.648646968265
0.362948159483
0.438172749097
0.721492920092
0.475155621976
0.410988834556
0.772064283759
0.405676535804
0.496588866225
0.519598425547
0.317220998576
0.441302856803
0.558352796754
0.382926850689
0.770844236927
0.448002525891
0.347495552135
0.325489008299
0.364454124494
0.434087698682
0.569488047017
0.104290802467
0.355104562028
0.429577276846
0.358002643321
0.28314485758
0.310601119458
0.523336137698
0.665969042496
0.579856674783
0.483746847079
0.659273309196
0.490724096533
0.48764466173
0.550394143843
0.378930173812
5.08997313332
0.580418244125
0.108409071428
0.59129930957
0.345959809335
0.0709351370629
0.353435772401
0.203722236142
0.65964346891
0.482384741144
0.816359409977
0.585231390892
0.706617967143
0.441864130234
0.17425420035
0.166328277707
0.395643082646
0.737426570996
0.448224650646
0.390568780439
0.518096400072
0.34046878459
1.46762179189
0.632524287566
0.510829630678
0.403158883534
0.494505663528
0.504023137312
0.465680343714
0.52973843772
0.41583178341
0.115351736273
4.26910019696
0.687687224939
0.905630676674
0.528842005336
0.525492578513
0.458603522737
0.681360710229
0.433457128952
0.474168710351
0.604853070587
0.602870852258
0.534017868704
0.493679224769
0.620881157077
0.440005676196
0.3548317132
0.891813855523
0.577382925839
0.364329357821
0.495385997619
0.462541588459
1.47002302684
0.664834653125
0.689246932396
0.586180364852
0.320278294369
0.4356733466
0.787725457798
0.351173927038
0.483127228686
0.441190688698
0.467045025522
0.247563108642
0.953039852641
1.06241428453
0.471051759641
0.594260429655
0.819908900812
0.436737228677
0.653371169209
0.531948187709
0.720137434662
0.627452521401
0.578259268798
0.357706315201
0.572726685454
0.366509406794
0.802623714976
0.497990210568
1.42087853716
0.577695718055
0.526323475371
0.564247446732
0.619958313865
0.418541034008
0.626304376886
0.355335668158
0.380185626053
0.47964683271
0.601348203442
0.534766028197
0.489624498562
0.58948309673
0.517188117816
0.432203203737
0.708910381798
0.786812567347
0.622640635716
0.658587947086
0.373141964646
0.580318614038
0.605825349551
0.344894643764
0.742616469358
0.477591936658
0.525622430972
0.348153601601
0.494308129604
0.599154332913
0.738751778223
0.4080157955
0.491325999869
0.57173133717
0.53274814538
0.387626098132
0.484177432309
1.63588490518
0.33972315089
0.46583641956
0.130345411095
0.329905608148
0.406653942599
0.331691809415
0.449300269812
0.300564998041
0.363611499711
0.390141023725
0.602952990871
0.326982225833
0.534359325465
0.546351169419
0.545562171652
0.584290233699
0.353355781108
0.298055451213
0.55793599324
0.428230477119
0.406819960878
